,b,sb,P,X1,X2,X3,X4,X5
0,1.3391210421034416,-0.1980305956316628,1.0527793571508055,-1.2146103682568028,2.9544035817359955,0.682493547374583,-0.4197044408469055,-2.7709622078881666
1,0.7939978159258524,-0.22197792557503193,1.0527793571508055,-1.0003791321010396,0.2191792770412837,-0.92664988222451,-0.9495835169757798,-2.086520540700038
2,1.9276313554450242,0.19475701728995265,1.0527793571508055,1.3547529068128084,-2.1873553154179852,-2.2012888341654233,-1.6114646675288258,0.04419562167654112
3,1.2501594639889315,0.44450469839906936,1.0527793571508055,2.7383007434128235,-2.198680393166784,-3.02857131474786,-2.2797789637111583,0.1956090845316616
4,1.790994310867564,0.20755769651211453,1.0527793571508055,-0.6600769961457331,-0.4032685076086586,-1.538503457539039,-1.6249820531442152,-2.3978366822216914
5,1.3640622859136617,0.06331118566660365,1.0527793571508055,-1.3791259062432997,15.707855595548729,17.533550307121175,17.494976808139086,9.488285956730547
6,1.3527260087245643,0.19285035366742564,1.0527793571508055,-1.0118974507813268,-0.518784374203372,-0.9509543802849716,-2.71175338408316,-3.8680372787294233
7,1.1212014613359162,-0.24972388636545317,1.0527793571508055,0.23972874427292523,-0.864659431502564,-1.1477076892630866,-2.132002750761562,-0.5026732524751152
8,0.863627667483968,0.32468816855048555,1.0527793571508055,-1.1935295931188723,1.4238098206310053,0.2582568254554134,-1.1180160698616657,-2.9704404287665294
9,1.719764083769483,0.1399921977875509,1.0527793571508055,1.573945369590109,20.731581005344754,11.335504588868936,19.27293852514835,12.711478854121548
10,1.3926518420319298,-0.48958802848682437,1.0527793571508055,-0.22023943468766527,-0.47018950558337336,-1.085255534206445,-1.7980061068632758,12.168277441564467
11,0.841029980462447,-0.38490919757940123,1.0527793571508055,-0.8803770512241292,-0.5706188522635269,-1.0878534483610376,-1.531844939345391,-1.486907652464986
12,1.9239179887785123,0.33399255589568,1.0527793571508055,0.3280183370240004,-1.6842316009503173,0.8237577082871494,-0.43237162314237,0.8891693724033991
13,1.6382188092636416,-0.3956966661855521,1.0527793571508055,-1.2784973200515024,0.9834280357537875,-0.26954607189621327,-0.9932015365981615,-2.399586652018005
14,0.8465843825535221,0.08014626737937303,1.0527793571508055,0.3749273742887196,3.199124741619685,0.40824334739543966,2.9727646978723508,5.2446096569706375
15,1.1053063361093889,0.22861016709639803,1.0527793571508055,1.0720122617635863,-0.20795048727083398,-0.8045616917650226,-0.6446734563695076,-0.1385589500250748
16,1.4392670109727197,-0.025818070992862707,1.0527793571508055,-0.9217516364640316,1.4858829896444181,-0.025026478544817543,3.8701946532129714,0.11055483021638768
17,0.8550160160007655,0.47017793787287576,1.0527793571508055,-1.425824353890148,2.6146576198683418,2.4445302858110365,0.28609495579016797,-1.7747845782676561
18,1.0463008631074115,0.15840946642006548,1.0527793571508055,-0.7500537668369525,0.0733168943329483,-0.7557483453538224,-0.4892144963890599,-0.4234699111413167
19,0.7118915224518494,-0.4929787643826824,1.0527793571508055,0.7993284076237024,-1.0072778454229068,-0.20535531456362266,-0.8439733821395767,-1.21593215581071
20,1.5342509842291474,0.48321498621238357,1.0527793571508055,-1.4446968701686778,1.6018726926207307,1.0262920399551625,-0.7149150890864366,-1.0766171186854783
21,0.9821214189088154,-0.40773494533275245,1.0527793571508055,-0.3246202219079788,-1.1616780614581892,-1.0184153159728986,0.6857388047753465,0.15687685451406552
22,1.0564849163540235,-0.23588316251666663,1.0527793571508055,-1.5208579318397544,1.2396954975844885,-0.3232659246818044,-2.0081339120855537,-2.862385890125581
23,1.124410585162265,-0.14759025899795808,1.0527793571508055,-1.3862334534448069,0.4307306648288671,-0.5523432644223973,-1.8976596778979469,-3.157058792855646
24,1.2790716242110312,0.1927030355822883,1.0527793571508055,-1.2498920181756243,1.819560231766844,0.8916215329625077,0.8096864324819188,2.892681587813363
25,0.5261299438981621,-0.06313255246315941,1.0527793571508055,-1.3685881051016058,-0.013329513781392688,0.8394249411994954,-0.7821545350742484,-2.4983760125366796
26,1.6340594930851695,0.3146787959333205,1.0527793571508055,-0.9556194228723239,-0.8116175112655912,-1.6249052418252772,-1.21242658382335,1.6434675855411016
27,1.8259942059998742,-0.3913656623537608,1.0527793571508055,-0.37159089561192893,2.561114344227934,1.2821030380010479,1.171657217868184,-0.9955402440321677
28,1.0233116631721517,-0.040193250306777784,1.0527793571508055,1.5072240301241138,-1.7292619364572424,1.9577282274407395,0.9232517266381568,3.749262178342807
29,1.7090681637612721,0.11309189671305853,1.0527793571508055,-0.1899033430065149,1.254836874619107,-0.755979367202973,-0.5235827791677414,-1.9801635267561308
30,1.649276802249703,-0.26822214953103296,1.0527793571508055,5.38146266173419,-4.31619258311419,-5.663273054552844,-1.9146914502622447,2.1287254888903626
31,1.0138598228487796,-0.2934662467428506,1.0527793571508055,2.4914501212897457,-0.7449829982019467,-2.6435392446488715,-1.4650582126963476,-0.7129244646987709
32,0.8563482213219209,-0.05060527781200219,1.0527793571508055,-1.2951527422740008,-0.09816574031645509,-0.3360790890870802,-0.42779526477418317,-2.0248324787881073
33,0.5797799800271954,0.12594913226224747,1.0527793571508055,-1.0679196413456036,-0.07914132001581642,0.04389910228711491,0.6409204653278331,0.513553299615003
34,1.3235959355144804,-0.294521181977339,1.0527793571508055,-0.919934442888187,-0.5866532431727496,2.6104843910812976,0.29083029719722764,3.586477679313629
35,1.0164965161942756,0.4087465484574635,1.0527793571508055,-0.5875958436805335,0.2822352649786397,1.0394577620062861,-0.20560052276158203,-1.2970943210989625
36,1.9859620652852001,0.33833731419613045,1.0527793571508055,-1.3468081242300045,1.7284155342886787,0.3890114604107655,-0.9732724559796799,-2.8788439051064936
37,1.1421088804236466,-0.3028145719168688,1.0527793571508055,0.922347893924135,-0.6141466905229276,-1.904268101124598,-0.7235452289003039,-0.879352820339355
38,1.9001530192197895,-0.15191690035088945,1.0527793571508055,-1.2513489352635028,-0.02981120728151332,2.2169219559924063,-0.6515567158371732,-1.6974287171973939
39,1.3114447548000507,-0.19170579028765444,1.0527793571508055,0.5522988541145013,-1.438064252568449,-2.0117486779732396,-2.683151160583403,-1.572233016594526
40,0.6661131515656272,0.14317977615655086,1.0527793571508055,-1.280474731639359,-0.512460716061232,-0.47307647177949486,0.2599817237383506,-0.4699320761761161
41,1.6424800865797329,0.14513919653113516,1.0527793571508055,11.233561227370611,-8.04085158695754,-10.153623163238457,-3.7101303901688976,4.283407886478236
42,0.7145487943366216,0.3189655561269612,1.0527793571508055,-1.3577984454948555,-0.6323193691042366,0.7715634573290044,0.5205871003345539,0.3673674016317703
43,1.2601642932909636,-0.08775554239918959,1.0527793571508055,0.588252845365334,-0.9621001578302992,-2.2255064791091344,-0.9222620201049692,-0.011026924854162345
44,1.2577348508434427,0.25944338728169647,1.0527793571508055,1.0280158370974806,0.16423847422018056,-1.6345828694989102,-1.309386859849369,-1.4947147447654117
45,0.893611096475574,-0.023566049957790436,1.0527793571508055,-1.305153557009327,-0.13276745520303268,0.85097813203652,-1.1885784793314131,-2.378704772265301
46,0.9180432321121055,0.1133174238123964,1.0527793571508055,0.8377759258482267,-1.5216220851393674,-2.4458943561552493,-2.8303891464883417,-0.9388520123742778
47,1.1582838655628802,-0.4893306255478437,1.0527793571508055,2.047991624956527,6.765754763407579,2.086108991680561,4.633465002499089,1.820551699715995
48,1.1685950162548142,0.12040157911940585,1.0527793571508055,-0.8232669193686001,-0.2666153069858268,2.8087018345428945,-0.5352578582213141,-1.0216910310808451
49,0.7820386428692812,0.032540348941595854,1.0527793571508055,13.509290762310656,-10.768590560467942,-13.924386045778466,-5.762976596460595,5.416273990863045
50,0.5313095571398212,0.06717003235217345,1.0527793571508055,-0.6878683020190172,0.6096887466032088,-0.7560097039679643,-1.2020323183980208,-2.1456609953061827
51,1.5435280024350908,-0.35355095985203644,1.0527793571508055,-0.8403038357374379,-0.6858502986910795,0.3514429889344308,-1.601995765547267,-1.6406793523778374
52,1.1627561355489582,0.06029319994001481,1.0527793571508055,-1.4228441585172755,1.4764057218363136,7.081992866543145,2.501594490381353,2.1261607904399296
53,1.7526434372812574,-0.4618740228376208,1.0527793571508055,-1.328632064719212,0.15387237774103935,-0.24448201907954425,-1.3670207693460712,-3.1455900256457148
54,1.072777645380794,0.2544158906228132,1.0527793571508055,-1.2486646864149549,-0.6044700127132501,2.3538371700098937,-1.0177019697681473,-0.2268124543205161
55,0.927661645102647,-0.04591806480541738,1.0527793571508055,0.07882916982456223,-1.3850409120846112,-1.8408163039330099,-2.717947124218921,-2.9585524854442733
56,1.9070460016977777,-0.2140447114628169,1.0527793571508055,-0.9449071191174533,2.2993048600075197,2.2595739568239073,1.4393492125495007,-0.6843437047408747
57,0.5968645774936066,0.4670573436609897,1.0527793571508055,-0.5663583525971034,-1.054739597381054,-1.1194909029569664,-2.5213028045266936,-1.0460498188275766
58,0.6507943162522478,0.3243676592690301,1.0527793571508055,-0.7032796103133795,0.7214446878544907,-0.7094368968498563,-1.3887283215316215,-2.763569201883117
59,1.0177527962623714,0.052419786685426795,1.0527793571508055,-1.1723407804588974,1.350203478216888,0.9381927652627615,-0.904546069651049,-2.8063623706278777
60,0.5852128795396118,0.34191860176640454,1.0527793571508055,-0.1306362954520246,-1.1450061380508911,-0.32980600455257325,-2.0961954222792376,-1.5460849490293613
61,0.5713247083531818,0.07378336685330988,1.0527793571508055,-0.632248659289476,1.5868627681596594,-0.3948731600269828,-1.2866883951357422,-2.7698668258296024
62,1.399398073670679,-0.4567628859294228,1.0527793571508055,-1.1498010956519975,-0.40952391545216615,-1.3157332493501663,1.3053673421120857,-0.7188251530442874
63,0.5587198195224234,0.09872840146833184,1.0527793571508055,-0.9479658645909904,-0.4706757718439385,-0.8903751651434211,-2.623921720418951,-0.5223599929455154
64,1.8373958819288363,-0.39527048244395546,1.0527793571508055,-0.8658946282971993,-0.4176700907573201,0.7099449543002891,1.6679765013064665,-0.4345375028764382
65,1.7173237666299628,0.05041239127761954,1.0527793571508055,-0.8047352959949426,1.5428275903018687,0.7182293023553319,-0.17064057064822924,1.0886308780876646
66,1.9540244183165674,-0.4892987390551803,1.0527793571508055,1.264245382910861,4.889316751835922,1.6037101927758641,2.947800936787032,1.5569254051331676
67,1.1505929707867029,0.29992590111772777,1.0527793571508055,1.5126145042033028,-1.7151662651433042,-2.5638953978891417,-2.480764792696914,1.5056368692073074
68,0.8584714577934439,0.23799462063680543,1.0527793571508055,-1.0978762044193338,-0.16094260381390635,-0.4865108303839192,1.753693755257789,-0.4903557506350473
69,1.485846790958368,-0.4828757563067182,1.0527793571508055,-0.47261408518439696,7.73260377770282,3.6206171268129888,5.455550458357659,1.3959559066871723
70,1.9529953842828645,-0.03753373878611621,1.0527793571508055,-1.3974477416478908,0.1722949721224154,-0.7522053371364521,1.8262008642680834,0.8204184400165295
71,0.7659814518105943,-0.06271470295733206,1.0527793571508055,-1.262274410468444,1.4992984859733265,0.7876424669023345,-1.1313712049995326,-2.4350589870984973
72,0.9852411814610678,-0.3912991981130026,1.0527793571508055,-0.5824366797631186,0.10901794859335001,-1.0739958836602046,-0.22227674881923631,-1.073157162709474
73,1.54425968189996,-0.17192889036406456,1.0527793571508055,2.8432122528324735,-2.117587326181117,-3.493118831539985,2.2619152925655315,2.4198280858478096
74,0.5564570467184213,-0.15802640425149228,1.0527793571508055,-1.0772931765482192,1.01390040306678,2.0847226002913986,0.5093566451370886,-1.4904449305979832
75,1.4806687258582227,-0.12166133355561626,1.0527793571508055,-0.4418146642231544,-0.7023996735647771,-0.9166618785971179,1.8429830371798364,-0.5209456387824651
76,1.820930537341233,-0.18649965013835446,1.0527793571508055,1.4065278389313383,-1.5326538619597785,-2.5333211437633034,-0.11771870764935422,-0.2656961654825847
77,1.8579210923419227,0.27667312513378917,1.0527793571508055,0.594972173117895,-1.6084318062915162,-2.137477654047503,-1.7723701625405026,3.989737474148619
78,1.0245621633469577,-0.11421352788014227,1.0527793571508055,0.2794459136737246,-1.5898930011134618,-1.5099798061284746,-1.0093216782946652,-0.02473566965926377
79,1.0552677320169417,0.04174582855942077,1.0527793571508055,-0.30511752894387145,-1.1943589278491076,-1.937761595911326,-1.8749442363083688,-1.9579258647788063
80,1.464726835314609,0.24339502624296883,1.0527793571508055,-1.1083395415069006,0.39733941153548535,0.10236665556289704,-0.8105363258164802,-2.573654529874808
81,0.9197367102623668,-0.4731766630002291,1.0527793571508055,-0.5324204404649691,-0.6112816017911027,-1.3514074506665117,-2.4203061022292554,-2.2494744937119684
82,1.4781577159025197,-0.332040052454322,1.0527793571508055,-0.8088161090107688,0.01354570728287241,-0.030014971326430828,-1.8940652405295526,-1.7982045451326736
83,0.9058541921013094,0.28411568997008174,1.0527793571508055,-0.13883952325161175,-0.7431360322374366,-0.6482984920725217,-1.8975632049914137,-0.7830080153720371
84,1.3485065777651237,-0.012499880200552371,1.0527793571508055,-1.1621883630947158,1.5031236433638622,0.6860973284871061,0.7238410750942563,-0.3421306873345691
85,1.7702032670408743,-0.2646858750555594,1.0527793571508055,-0.38140560886906827,-0.31719343843077463,-0.48986859564762675,-1.7618124545999865,-2.6211996454276223
86,0.7809349942790687,0.4766594746798659,1.0527793571508055,-1.2700133069365942,3.906741460016912,6.5652133117008225,3.7286762880442117,0.7632182550199951
87,1.337719245883421,-0.22487519155895086,1.0527793571508055,0.5796685716424324,-0.2592789438729637,0.45968018149482504,-0.6207360786806635,-0.5343241809824488
88,1.911000219295196,0.2791970479467888,1.0527793571508055,-1.3093002261771924,-0.2433363202193104,3.1408347437905624,-0.3362402516723719,-0.06759316836655316
89,0.7614572949415386,0.12306327898774228,1.0527793571508055,-0.9770040469037652,-0.7058433600899621,2.817542073378698,3.5497136711275648,3.4978455747403254
90,1.4430375523072434,-0.07089682857897783,1.0527793571508055,4.224467571583376,-3.790353054005603,-5.2504423360076355,15.3392292414329,12.168620616352655
91,1.5555845245443458,0.003787247071507238,1.0527793571508055,3.3067634283082317,-1.8621128922048635,-2.266746020650836,-0.17657264802478756,0.8812053624769725
92,1.0677613368813215,0.2943542324703553,1.0527793571508055,-0.09715321350763384,-0.7293351319472198,-0.679664082928191,1.5066523765380166,5.102055222106848
93,0.5689956418440034,0.3598323697436615,1.0527793571508055,2.375599859593443,-2.4062263029118585,-2.8363744996285876,-2.1208518735927493,-0.8248690231643859
94,1.700677095755126,0.4129317776654572,1.0527793571508055,-1.1156447312855517,-0.33118559450836704,-0.44321649158024257,-0.33268976526606653,-0.2568713352319445
95,0.6191705768310525,0.056302962334576545,1.0527793571508055,-0.9701856239377318,-0.8878322510219319,-0.9811687565420613,-2.8274794157072396,-3.0466795136871565
96,1.9328136166039058,-0.17972187257624528,1.0527793571508055,-1.0502178233369295,-0.6762954235332468,-1.1382352793203117,-2.1720444493592286,-3.471228373499361
97,1.6607488886804458,-0.04104184880833606,1.0527793571508055,0.5584308851147815,-0.3631270774305897,12.155151210889365,5.503131895654959,6.956830995367013
98,1.7404419011202557,0.025020165126000915,1.0527793571508055,-1.400151694773737,0.91231209711338,-0.40109296889840196,-2.0098814932710765,-3.963192257538613
99,0.8973823113569004,0.28638799289486805,1.0527793571508055,-1.1102090286810697,-0.37451711628808804,-0.7825452099431371,0.5012429288686868,-1.8115912092927902
100,1.7054214297776014,-0.05743948602967741,1.0527793571508055,-0.8598853185042697,2.3542665792179003,0.29315880098253544,-0.23818264088980534,0.6859513482020563
101,1.7662729309427054,-0.2513680439199961,1.0527793571508055,1.172820121966538,-0.615217004152633,-2.0586548216295673,-0.7343393062574304,0.2692948765684229
102,1.5828916352286717,-0.3469430681177965,1.0527793571508055,-0.20484019832996747,2.205877375548261,0.22042677904719898,1.042394799725555,-1.03323748100121
103,1.4467862072095368,0.08999631814430686,1.0527793571508055,-1.4296655882821578,0.27670330556406086,-0.7041870376579968,1.0269709182818771,-1.2650255993270763
104,1.0414469272623714,0.3999746968652559,1.0527793571508055,-1.4031246241373179,-0.523752221060368,-1.0482021794249161,-1.998599405615404,-0.2758036007225879
105,1.7920868896915985,0.3010696911985722,1.0527793571508055,-1.0300495999852246,-0.5482335376220537,-0.7869070819855213,-1.4625937477446647,-2.059299180577371
106,1.7945958725126783,0.16771675115268414,1.0527793571508055,-1.1463540106899948,-0.5152672753991365,-1.0457242963559563,-2.952398536168854,-2.131705411138259
107,1.146276398921177,0.22310687133711438,1.0527793571508055,0.9282767724598515,-1.4185413992800457,2.883896584891642,-0.2534803909160588,0.469223762179257
108,1.932593395708137,-0.09650521793505451,1.0527793571508055,-1.5013362499845535,0.6156403573211522,-0.49425921065528455,-1.0490426763179914,-3.142205043360069
109,0.5180527642947639,0.1900837580364927,1.0527793571508055,0.18446975231736906,0.6412204260559724,-0.37912126165135507,-0.7911794873578157,-1.1815064999417177
110,0.739966492264467,0.39196071457278914,1.0527793571508055,-1.1226954924456698,-0.02180955767308035,0.3676687354279302,-1.1836819462439099,-2.323772913913895
111,1.2094015691930884,0.4241369217829063,1.0527793571508055,-0.34479471740216283,0.060222927211346367,0.6401457381753337,-0.7944956620317873,-1.6309091229871169
112,0.5648849022019928,-0.22000248075969553,1.0527793571508055,3.5637182636334845,-3.009382367489346,-4.510278411079799,-2.3348986745959723,-0.7785096655531146
113,0.5530136342172496,-0.1415268719094417,1.0527793571508055,2.6641426080624413,-3.25438314947805,-2.9615172425109026,-1.961781217213355,0.7249039737903908
114,1.7049494875874673,-0.025016642125845978,1.0527793571508055,1.9312284840247824,-1.0574823660682122,-2.4631963449332916,-0.10476207636753454,0.8763268860955691
115,1.48521727428543,0.474927073968916,1.0527793571508055,2.75163037359098,-2.99814356470626,-3.7333753503894074,-0.5005689336502572,0.40318880140057134
116,1.5019046078161253,0.28416796772410824,1.0527793571508055,-1.371074196689984,2.9774100958537097,0.8995435481178906,0.7061710788817064,-2.585685028971265
117,0.5641874000621381,0.4885508056134845,1.0527793571508055,0.51118653999586,-1.3774805977376514,-2.094274772598223,-2.7405733730319755,-1.748834709466247
118,0.6591855292806047,-0.14513954638186755,1.0527793571508055,-1.2893602545144178,-0.6142995472168724,1.1274937296862202,-0.03338559551395859,-0.40792771946878603
119,1.7394297711658722,-0.22018697652898556,1.0527793571508055,-1.0081945306067674,0.5677438845421334,0.9613237051102823,-0.7756431321213808,0.11192314604951581
120,0.9423105183737609,0.23189495760139012,1.0527793571508055,3.270641217676168,-1.8780448257669924,-3.5312142076625133,-2.157780609374703,5.742708946150815
121,1.5258409559492399,0.07370857719240342,1.0527793571508055,0.8445763537871938,-1.595842856886895,-2.235905076363126,-2.2034492839570756,-1.5525930255383038
122,0.8492797686275924,0.09994705006609328,1.0527793571508055,-0.8721067749723665,-0.9418594748777098,-0.7597372270057061,-0.6936424645845563,-0.28125229354161996
123,1.7810921517762077,0.4058504648375426,1.0527793571508055,-0.9422645674799944,0.19337394560266907,4.109425674137091,0.5491525303128544,1.5614258323278625
124,0.6466731249490685,0.28416963476336465,1.0527793571508055,-0.32746908519051954,-1.1252409578793061,-0.980300724548575,-2.2190027010255076,-1.6213746904171682
125,1.2744820671990689,-0.15950461899239887,1.0527793571508055,0.5647857811939034,-0.2108844261660605,-1.5476676806211,-0.7745515361063009,-1.5037255168700105
126,0.8698071972845199,-0.18865125879773947,1.0527793571508055,-1.1316005300589378,-0.13826121033989702,-1.0823111424046539,-1.6131820616995762,-1.5568141760447722
127,1.6212311577533476,-0.10450433946428761,1.0527793571508055,-1.1807693793579115,0.06886539629833055,2.74487225186006,0.06297107045065231,8.72689928050135
128,1.4660628956910524,0.3717913817605486,1.0527793571508055,0.36680018272853276,-0.9100123003985553,-2.2053770234361676,0.07910114919176703,-1.1354517642077502
129,1.678012994074512,-0.3001148961119039,1.0527793571508055,-1.3647287036060518,0.1984920210126635,-0.32064533027834274,-2.1437205924182736,-3.4941357855474964
130,1.074584098872911,0.06482619385204791,1.0527793571508055,-1.1831463143797794,-0.4885340700762173,-1.1168843453416004,-2.322770683749633,-2.9052393711100573
131,0.6478604367806248,-0.03885441684224955,1.0527793571508055,-1.0901717992713775,0.49246447472268695,-0.5064179363317958,-2.209636519414489,-2.8563056771721014
132,1.6576626356202149,-0.14633002560875863,1.0527793571508055,1.7376667482845476,-1.6230176347189018,-3.037203220052365,-2.6948958963827265,-2.0556298310448704
133,0.543888974345687,0.11093742538946316,1.0527793571508055,-0.6458582272973479,-1.0461907335855853,-1.9621747553155788,-2.3904381582504044,2.4794373611648064
134,1.8123221442968855,-0.20503064568921725,1.0527793571508055,-0.8997714872322092,-0.3540400513154447,-0.30975609282807826,-0.12518921225568902,-1.5030192064363672
135,0.6205003024308682,0.0905721315756739,1.0527793571508055,-1.2323601195537173,-0.4572330424594826,0.0708707086139233,-1.8325091836801053,-2.6195169983235265
136,1.3528592396563228,0.020316599174655336,1.0527793571508055,2.6992009921732354,-3.276876919718961,-3.1078283093726213,-2.6541557150355493,-0.526323482956212
137,0.5963557091776968,0.22477066449486494,1.0527793571508055,1.1176597009838654,-1.7383083336586735,-2.9836363490810847,-1.9568403273056707,-2.021618312446501
138,1.61248802480726,0.42766048858246575,1.0527793571508055,4.970393434568178,-3.592976349494771,-2.4238311592828854,-0.4226358146975162,3.0168138374470246
139,1.0962604443227482,0.3528650794003795,1.0527793571508055,-1.470054114978698,-0.29441687554730733,-0.7741542536309852,-2.2767578328880216,3.9275536279771197
140,0.9919616237484845,0.3350721024933945,1.0527793571508055,-1.1499623785495952,-0.08280963865360524,-0.14883612739221563,-1.0525717644851948,-1.7704164278305392
141,1.891306457091607,0.07377625164331558,1.0527793571508055,-0.1283930704973857,-1.2940928545394992,-0.9837439171423272,-2.507136220298759,-0.39717050569657264
142,1.7182324121941521,-0.4010874112440659,1.0527793571508055,-0.624517509341445,-0.1853216792616421,-1.1120347624964548,0.8192905124235206,-0.38696498186835604
143,0.9087726534844367,-0.22871310832297975,1.0527793571508055,0.2951980705492394,-1.5742695969352205,-2.508204086036032,-3.243146209285169,-1.4937170217373485
144,1.5603246894500207,0.1528439437393122,1.0527793571508055,-1.5550880147244333,-0.16198434062354128,-0.8807673838774523,-2.7570140743020133,-4.018255653659236
145,1.7190710502068707,0.23004956276113875,1.0527793571508055,-0.05206240748982793,-1.1373486265100705,-1.7460715229353672,-2.1864001033996217,-0.6394145914900236
146,1.7883186506304438,-0.4008592924781489,1.0527793571508055,3.11313591005358,-1.5101785726438184,5.448707323838778,2.3110479364879533,5.896131476890025
147,0.5094630182397278,-0.29806942109854584,1.0527793571508055,1.354418473683293,-1.7134121279542305,2.5276622716810504,4.273741571264754,4.119201708336037
148,0.900278908527294,-0.33651150020912823,1.0527793571508055,-1.2382353188615423,-0.4288742797205063,0.20377628645650425,-1.0380718177369828,-2.2892465159674122
149,0.5328101704279073,0.10464333529374825,1.0527793571508055,-0.8719984181753749,2.1937481455399164,0.5966302368371021,1.5548173768871183,-1.3510017424410945
150,0.7407945824482698,0.40221446213898127,1.0527793571508055,-1.4472875736786355,1.3440481212791298,0.5953431608377882,1.7458826024401435,5.007027124478809
151,1.5684634043603887,-0.2852261737243136,1.0527793571508055,-1.0558320857602843,0.31534152590901776,-0.1324542414876584,-1.7177969639239938,-3.0540544833775587
152,1.9941254079747013,0.3441604358489323,1.0527793571508055,-0.7134743593045529,0.5621168623510338,0.3089793764432438,1.8174639239555876,3.8879666436465596
153,1.5192882197965707,0.048110337460796626,1.0527793571508055,-0.17495270570306998,-0.40030834401413395,-1.3381068445116278,-1.7700438372509262,-2.257815450327925
154,1.3200116923399439,-0.2920383903653466,1.0527793571508055,0.2586829430656299,4.328988036601888,1.8137414953755187,3.3623463567299394,-0.03123142487251629
155,1.229354217264191,0.27854365511557966,1.0527793571508055,-0.6397722095219713,-0.803854847428763,3.0219616101481783,-0.6015902963566611,-0.6704235930168467
156,0.9056731505246904,0.40506510114875793,1.0527793571508055,-0.6702535813787938,-0.7825391492106779,-0.3116321332301777,2.032767066078188,0.07136106504336448
157,1.098804714217632,-0.453420228088922,1.0527793571508055,1.5862364047937763,-2.4266503378366475,-2.9099025924485877,-3.0540489137577334,-1.6595428214111512
158,1.7191038442294166,-0.43047515996570807,1.0527793571508055,0.973431491073395,-0.3071375149397504,-0.3728830638947107,-1.1919260993256982,-1.3188069254022965
159,1.4818829614421358,0.3820728313193369,1.0527793571508055,-1.164127507813024,-0.008542549737818206,-0.9357745562652987,-2.3625880428071557,-2.220096794804003
160,1.1001183594283006,0.12467673148029068,1.0527793571508055,-0.9465331050339981,-0.871966499689928,-0.9776478590215376,-1.0522553258875034,6.526676592755318
161,1.3007154044963665,0.3602937240050792,1.0527793571508055,-1.2675943903759066,-0.01601630586805869,0.25782219811068985,-1.3946047361171683,-1.4873525094918332
162,0.8849990985601495,-0.2762129402236101,1.0527793571508055,0.8091793188947487,-1.2048876523972196,5.792906196510754,6.704502625010178,7.134174860650048
163,0.6131219324403707,-0.36535519005996764,1.0527793571508055,0.16292458169157764,-0.8095786330995991,-0.3087244305209509,-1.4790677697054835,0.9093315362611962
164,1.8231765627205574,0.09637072831718829,1.0527793571508055,1.647445098754606,-1.2291897701656946,0.5901795286496538,-0.0656335970561388,2.828317945133903
165,1.9531618737302603,-0.28203728093524516,1.0527793571508055,4.006887019343739,-4.224688635364457,-5.1599528788749645,-3.0145481800664546,2.8633764038660363
166,0.7095622046635488,0.07648471004207058,1.0527793571508055,-1.4251712185320509,0.8459160140943558,-0.5503742786406853,-1.6954731577742401,-2.9341661559592636
167,0.8447188170593111,0.4135000962536669,1.0527793571508055,-1.5034379787692553,0.4894445511879897,-0.7298249324696839,-1.1174777509282736,-2.6695681756038767
168,1.0697776570980702,-0.1846905676316163,1.0527793571508055,-1.3701160702199837,-0.2629097442570596,-0.3777940018770156,0.04780281015521126,-2.104675957868251
169,0.991076306996334,0.21712975373479138,1.0527793571508055,-0.04302486923110749,-0.6034508869646549,-1.815840998734653,-1.5009094212425382,-0.8274242341528031
170,0.8944070343930023,0.4637225079988919,1.0527793571508055,0.8752957138504986,-1.3347743706471271,-1.5859577445822208,-2.156080162333338,-1.9627619247222468
171,1.0294229562619552,-0.2866456996963822,1.0527793571508055,-1.2349881108038652,2.0691177451313285,2.549518503371665,1.0976025567589072,-1.1208276572238391
172,1.9495561370932313,0.4289761224002585,1.0527793571508055,-0.6533233466191236,-0.13644486980240011,-0.7154645349293549,-2.0501138214507324,-1.2512632795855838
173,0.8031750228598804,0.3721813166130229,1.0527793571508055,-0.8031949452477609,-0.8508704869468378,-0.7159333702923123,-1.4460105688655749,-1.2230870988025584
174,0.9004941149691856,0.48169914467036223,1.0527793571508055,-1.2060636574450987,0.5931011108139965,-0.5112937995164495,-1.71324455316819,-2.5017572576047087
175,1.7201381928593678,-0.3229562763024214,1.0527793571508055,0.7750122851240699,-0.8825575446645031,-2.1760277254640235,-1.291702925010844,-1.4586216694317766
176,1.844534850811509,0.46632052600054885,1.0527793571508055,10.155401707957509,-8.60638130182958,-10.807015098247799,-3.550186363894645,5.723999688488175
177,0.7971451781307867,-0.04990862871126889,1.0527793571508055,-1.457847089006528,0.6068517423893547,3.9441402269442465,1.7074581839645022,4.082775564641422
178,1.0831246614644767,-0.14846496247702534,1.0527793571508055,1.271824966273952,1.986352937770849,-0.539850034825897,1.956273867289787,-0.053791990464619355
179,0.7446252248628888,0.005746039097397793,1.0527793571508055,0.6673911185939381,-0.4486182613670171,-1.4039853704463674,-0.7778227803612809,-1.6947115969712891
180,1.301091311621727,0.09323877836312278,1.0527793571508055,-1.418980695088608,1.1114501362335671,-0.0984057071819544,-1.8021336908845276,0.948831301193164
181,0.9484655290516031,-0.428256639968433,1.0527793571508055,-1.270430242822198,0.11419156621463422,-0.9241835220748602,1.2039339914919864,0.7017057882288031
182,1.5781993149464097,0.21827731938695105,1.0527793571508055,-1.3801022310523396,1.7483952751394147,0.06471396191554968,-0.7970858173388865,-1.546318778079628
183,1.2466109592669479,0.4001069234998089,1.0527793571508055,-1.27440296844326,-0.5729954857884909,-0.553167743882522,-2.3289798740031395,-2.7682853720233274
184,1.9870478367599862,-0.1253327818816209,1.0527793571508055,-1.0962318144756287,1.053400586108458,-0.6081979207679644,8.521668875960025,5.75024877279466
185,0.6343146981113865,-0.39682555589924773,1.0527793571508055,-0.4334490270452296,1.644237661391612,1.1619821907556505,-0.26340531317429816,-1.8694790913852575
186,1.2763847048018666,0.4219242713010183,1.0527793571508055,1.2918841906661753,-1.5060369010859087,-2.5334215826950213,-2.517463991982828,-1.764954606849885
187,1.553892090815448,0.21016255427991137,1.0527793571508055,-0.5648257189889543,-1.02810897687203,0.05737060074537603,-2.234543304133131,12.528044204014964
188,1.2897477242703712,0.13356374443749863,1.0527793571508055,-1.2013192235842713,-0.5451892986572058,1.5402425145356027,-0.9352625612093565,-2.047455206013499
189,1.3116361494873217,-0.16136677133410327,1.0527793571508055,0.3114415370865806,2.8676174605729283,0.11404631068298055,2.1622905149052896,-0.20262092234461893
190,0.525777067209261,0.15193106547249935,1.0527793571508055,-0.6974821731098418,-0.07337413979794127,-0.853467938197281,-1.663251726433918,5.190782936153596
191,0.793171109453501,0.07198236859511387,1.0527793571508055,5.157556334858044,-4.611930317507003,-5.811083249560939,-2.7287728582359083,1.1961058327373664
192,0.5510042869172506,0.028929763280824194,1.0527793571508055,-1.0633909951687248,-0.3459757455151975,-1.0393229606515724,-2.0145193068953464,-3.102246775777383
193,0.6275577578714169,0.040892645685617235,1.0527793571508055,0.8435670975660692,-0.08557864581831254,-1.1306598020302279,-1.2205560321651594,0.12353764155879987
194,1.3327576869741167,0.2177289086958193,1.0527793571508055,0.8633758834239558,-2.047016612993694,2.768083757300574,0.710424556671291,2.4174512230415584
195,1.3664421041935513,0.4391477928615011,1.0527793571508055,5.7689748600715305,-1.516987766129703,-4.638928487861695,0.9957040741533714,3.350152548589281
196,1.3942566201813544,0.48920816255297206,1.0527793571508055,4.786429941163932,-4.461501898291582,-5.5626026044685375,-3.2965584957356455,1.9108693241605645
197,0.7295797386337576,0.2897261639232057,1.0527793571508055,-0.7217961228667079,-0.5517776405308956,-1.4819228185976328,-1.8267911596523183,-1.3563618294557334
198,0.5871004418592844,0.02228605627335467,1.0527793571508055,-1.114561365770407,-0.780368435569998,8.245611060862238,2.469464579019646,2.4942261348793275
199,0.9145586304738912,0.4916330707959976,1.0527793571508055,-0.45139692251712815,-0.507765157763767,0.5901396130255496,-0.41625446875103567,-1.248674174086193
200,1.883908471670646,-0.04899837299328769,1.0527793571508055,0.07678333792987524,-0.1587025145116543,1.4186960752342679,-0.8596530794813219,0.3706540250492618
201,0.7817962996482521,0.19273247747071987,1.0527793571508055,-1.4589633028491267,0.26269911819084024,-0.38107155136354365,-1.1251383554356962,-2.380918784770527
202,0.5832728402509674,-0.17868876983636428,1.0527793571508055,5.4819042712166635,-4.8519041732881725,-5.225487506748797,2.7139634008132303,7.859271362760977
203,0.6174534464479038,0.20990714515160513,1.0527793571508055,-1.2126092767597028,3.3936773572721792,1.1436737556062564,2.6163143975251417,-0.27148822170885367
204,1.011783810451507,0.47409018230686417,1.0527793571508055,-0.8781752417929912,0.4597581893834737,-0.6813305082398979,-1.7992448673935608,-2.191458604759779
205,1.8703812507699449,0.40057686085226396,1.0527793571508055,-0.33304547619228786,-0.5379039298571933,2.6177962213857224,-0.39722891662474535,-0.9932466985585998
206,1.0261257998361986,-0.008649552809715466,1.0527793571508055,7.025515941605083,-6.39994336994934,-7.711058303510522,-3.770450174827565,1.463941971303234
207,1.0068009133871612,0.2930505249284515,1.0527793571508055,-1.3993038006021805,5.338747553422813,3.312233219180488,3.017488394508182,-0.04615875329878971
208,0.9839206499038311,-0.3147254969056835,1.0527793571508055,4.104807917375328,1.1374511876944902,-0.27648098596910486,5.586878791715999,4.617533728360338
209,1.1146020910532366,-0.327805917110201,1.0527793571508055,-0.9894604101646615,-0.6384331774813679,-1.5413147203903017,11.428870081582733,6.380563328702938
210,1.1751334904983723,0.031157913535454496,1.0527793571508055,-1.3224480022598533,-0.14945955681084677,15.605128895693714,6.105117457177779,7.133437758093755
211,1.2144973762386533,0.34900083797034676,1.0527793571508055,-0.3148082588898755,0.6384251992072874,-0.9413860460264332,-0.9269234716049164,6.693536541748117
212,1.206520410474667,-0.4971077048055501,1.0527793571508055,-0.6471704803890288,-1.0116614966218338,-0.8037016846132296,-0.24875907905373884,-1.9333419719444553
213,1.7619390640773662,-0.1271689347152113,1.0527793571508055,-0.8506743141338409,1.6052664126688123,2.2907681432684566,0.229585943422572,-1.3132590571529141
214,1.155782089903905,-0.4704210588005677,1.0527793571508055,-0.04982422236019679,-0.11440806921133273,-1.3779531398935028,-1.8552261844674125,-0.27221082671519126
215,1.450287041319706,0.30017330128261843,1.0527793571508055,0.054721958928615866,-1.0156756358570815,0.4995572782546005,-1.6572163297244562,-1.357586768849457
216,1.892122415618644,0.49361211039920494,1.0527793571508055,0.20431776575261962,-1.4967507894629883,-2.202960152956546,-3.177704065593378,-3.4112833452339917
217,0.7548401810017571,0.40433354833034485,1.0527793571508055,-1.168162110451058,-0.2998943205356652,-0.25005829776656063,-1.6871017079163058,-3.0598341539725515
218,1.259265413054582,0.11948632913573465,1.0527793571508055,0.4987745792021916,-0.8636013328997951,-1.8321112887901263,-2.3528561610947314,-0.6990177104150646
219,1.8869677214563059,-0.4855694754668223,1.0527793571508055,-1.3807540312093884,-0.4404230162505871,-1.1153934494816105,-2.943770580028771,-3.692083120025676
220,1.1612149358207264,0.31798615472071035,1.0527793571508055,-1.2210213499346683,-0.1507892146571721,-0.15369868451125868,-2.342544484849531,-3.448885866354802
221,0.5641469501606415,-0.054867673397984706,1.0527793571508055,-1.433645089600713,0.4477501343527628,2.530625138606709,1.768514996647851,-0.7780735008999118
222,1.680188250691903,-0.3261184643771453,1.0527793571508055,-0.7705597427805602,-0.6570763093341836,1.8179722985624167,0.6922113290336327,4.6274051204023845
223,0.7795229132785659,0.006796948151171267,1.0527793571508055,-1.4607738483623889,3.6096015959729746,1.2367530800300788,2.8291279230053954,-1.1179420951187984
224,0.7129675955912511,0.3023878803562652,1.0527793571508055,-0.5040611049014394,-0.7984610652704629,-1.0729037259765923,-0.34931354353467814,-0.7555862590575756
225,1.2097344068567542,0.23092839832814427,1.0527793571508055,1.1349664558471555,-2.159166798502108,-0.6284813704276329,-1.6379057872583318,-0.295429766106694
226,1.8844542168817728,-0.22827875654571894,1.0527793571508055,-0.247389334858646,0.6908657003592094,-1.172262556292596,-1.3759451402260787,-2.7987732083468346
227,1.8893807839455774,-0.48776088597810163,1.0527793571508055,4.583846250975994,-3.758679051755479,-1.2875993115234303,-0.9614667216540371,2.6248442748505934
228,1.9491826840743878,0.20502626346206965,1.0527793571508055,-1.4183077978150225,0.4767124301953114,0.02957613831426209,0.8367058198439685,0.23328760408253224
229,1.551231473856662,0.4035195288963783,1.0527793571508055,-1.3319091587641758,1.5765397936403596,0.8003855565098528,-0.5213330942292076,-1.843955132135285
230,1.7430906854189812,-0.23765754688681706,1.0527793571508055,-1.4932552414281899,3.839686728201265,2.4617776022961557,0.8673251978935532,0.5250540672917734
231,1.2425535609438572,0.4231835233489637,1.0527793571508055,-0.3623536654489763,0.8488228375914555,-0.8319354779611972,1.1088299640437995,-1.054404717618165
232,1.185641410254111,-0.464489493265797,1.0527793571508055,-1.1190449921500818,-0.5060259388762045,-0.40334561984736417,-2.0308784852241626,-3.2220575099349458
233,0.9658874706915637,-0.21730884318321309,1.0527793571508055,-0.9022680886754665,0.8572357765878249,2.0816547404835597,0.11008829965672096,-1.001827505608459
234,1.6449453764217554,-0.39506313417505046,1.0527793571508055,-1.2153626509493125,0.29800960691970046,-0.11560372837045318,-1.4210924903801363,-2.0475190718567275
235,1.0333145149090293,0.22992972485021757,1.0527793571508055,-1.0693345973016375,0.012167967992550821,-0.7978154342839063,-1.574033683524803,-2.87952601247042
236,1.8543224223430794,0.43466404533801617,1.0527793571508055,-1.2893906954127572,0.04959036293996366,13.259457339446065,6.680836882597824,7.83026981311055
237,0.720865269094294,-0.3513698941121708,1.0527793571508055,0.06312788318896012,-0.741663572082352,-1.0648911515626414,-1.9866578439610891,-2.487324975428641
238,1.88017611313696,-0.1311121538997876,1.0527793571508055,-0.42217683523152516,0.5604536154806845,-0.7092802791126287,-1.0185536185152744,-2.4062949078698925
239,1.6659696627262828,-0.0023334127167570218,1.0527793571508055,-0.570966704808171,-0.09335745511660098,0.011353363015920825,-0.2019413043033529,-1.7919048212405528
240,1.5436683122192179,-0.014079769468565484,1.0527793571508055,0.6954780666600526,2.919088648969163,0.8120600508531091,1.4513792197727478,-0.8386903555458476
241,0.6468999342969385,0.26940883235917357,1.0527793571508055,-0.919712680360941,-0.8019607346431562,-1.1269002697763244,-1.900641022290462,-2.4810539498275204
242,1.2570125492191992,0.37043646707693256,1.0527793571508055,7.389020321864307,-6.427717012486526,-2.3839208388729256,-1.2589230164627423,5.108576582060989
243,0.6816104637378408,0.009618049963505015,1.0527793571508055,-0.5917181124638997,3.9204608002619628,1.6356346211618837,3.1902100872299988,3.6027643544885537
244,0.8261030878963184,0.09978772124608759,1.0527793571508055,0.40567667430581444,-1.7436380013724837,-2.784974019973338,-0.23793854582091223,-0.4266449730720212
245,0.6594236332091661,0.04054745379101532,1.0527793571508055,-0.46586318852278197,-1.0066034168845177,-1.730098191490074,-2.5308096467497143,2.231247827745788
246,1.2136579815636814,-0.0840642802135021,1.0527793571508055,1.0763608137090905,-1.4594674096131577,0.27269560339113985,-1.0334137657313551,-0.5162314045325607
247,1.799767887429883,0.1779001466007234,1.0527793571508055,0.5135878594257148,-1.6984199609264623,-1.6460774414563033,-1.8406576752051096,-1.5898000426755603
248,1.4009783596385763,-0.014045958008341741,1.0527793571508055,0.6585073824585868,4.361660640285883,0.9955236112302179,3.7251734958548495,1.1872986711646938
249,1.0158501821845474,-0.13884471915572605,1.0527793571508055,-0.6630200340163247,14.971214403352235,9.048638531972781,15.723835015843893,6.479626672740802
250,0.9248224611668647,-0.1881219883577092,1.0527793571508055,-1.1642180173230485,-0.7092593993386772,-1.1399721103040346,-1.5050616756302526,-2.3288134563072127
251,1.0703177695956398,0.2747823822703064,1.0527793571508055,1.7519553824825387,-0.5377784496386053,0.8871649036608993,2.81307306790836,2.375209593125784
252,1.5094982008752729,-0.07265993431479367,1.0527793571508055,-0.8260179620229725,-0.08363062980392133,-1.3640804695495612,0.8949454393243808,-0.6966534642762681
253,1.9510223057880665,-0.13128387027108035,1.0527793571508055,-1.104661970595128,-0.7689285497330913,-0.3697396445651451,-2.368351173109267,-2.339327352427782
254,0.8958172871348999,0.12562481608498388,1.0527793571508055,-0.8868713401574962,1.512586104986653,0.4058070678501098,0.001446506237479106,-1.9833290654895581
255,1.6860228250171803,-0.019252613254596818,1.0527793571508055,-1.1431240872447705,-0.8383399916264577,-0.7420909765307613,-2.791497470816052,-3.6770342528543574
256,1.3701924680388673,-0.2848460703687421,1.0527793571508055,-0.701469673897117,4.608613420503371,6.66553971569106,4.276176406025788,7.363304078795511
257,1.0895064137107744,0.18836250423779155,1.0527793571508055,-0.6624789048211074,-0.6714141678412753,0.11051006205549774,-1.8598856762036065,-1.3124707292351354
258,1.3571569256129759,0.19412636963344132,1.0527793571508055,-0.8167652076126294,-0.10320192231134362,-0.3466397707940374,3.4206624346931758,0.6515625934312093
259,0.556944705128471,0.4232486244780519,1.0527793571508055,-1.2881296703290552,0.03520054244702964,-0.7595037552753414,-0.8235339514002318,-2.391712328583913
260,1.8873229939312584,0.4449314218580507,1.0527793571508055,-0.4236922961106657,-0.507462357384904,-1.3054023874894602,-2.205730562591888,1.2847297507323958
261,0.8135032698760936,0.07899853168359883,1.0527793571508055,0.04484936295756281,0.17863637748954075,-0.8421116065473192,-1.2963327876898403,3.2109729593598013
262,1.505271076643535,0.3533854345900971,1.0527793571508055,0.313248160229213,-0.8978500841602032,-2.012434542192558,-1.3206100418625737,-2.1078395075983147
263,0.8098094253989043,0.08097308078148113,1.0527793571508055,3.9011220003464944,-3.593522128385282,-1.5133649504166833,-1.7693415818978735,3.928763796650161
264,1.9655495487341732,0.10466757982477481,1.0527793571508055,0.12692529815981435,-1.2773944903795065,-2.166693404915805,-2.0907182856528257,-2.290279323416086
265,0.999562287340614,0.25504967048401894,1.0527793571508055,5.135741028243281,-3.041038507314906,-3.357685218715061,-0.8133393860057361,2.9047992633958506
266,1.9840955499477602,-0.4032129620546714,1.0527793571508055,-1.1772407584100835,4.058613055170243,1.7740226238650592,1.0758074895797698,-2.164465389979862
267,1.7009325830211686,-0.026275181155052896,1.0527793571508055,1.1716705209970084,2.5943373633339037,-0.2704819533213363,2.215575471917069,-0.17912968302862775
268,1.5765128358968015,0.4991744675237655,1.0527793571508055,-1.0385604206330643,0.03727993107094152,0.20589306079908543,-0.8618503766651507,-1.2917206831958887
269,1.262522952735423,-0.34764505600850903,1.0527793571508055,-0.1333289909530384,-0.8431755382061452,-1.252178959112836,-1.5592989427319015,-2.1830659327199338
270,0.8901648389568348,0.45747880213671166,1.0527793571508055,-1.1049614476577085,-0.6145722791906723,-0.0899373581318903,-0.38885194024235914,-2.0085403486282334
271,0.7102766922221787,0.3408865242792821,1.0527793571508055,-1.0050488465445229,1.649486673973441,-0.19109297072849918,-1.0894068523239016,1.979464291971186
272,0.9333539718069309,-0.20105172628073575,1.0527793571508055,-1.3985105074828827,1.039623124339692,-0.40642708633610014,1.6784346096635683,-0.46393256129115157
273,1.722538893651679,0.26470742372168,1.0527793571508055,-0.7796777197236118,-0.8136029013497152,0.31646973627164354,-1.8774434402769131,-1.6836918396798193
274,1.5390503275185545,0.46187118849834397,1.0527793571508055,-1.4229370704546938,-0.019434873269357666,0.589008464831557,-1.6014727608453365,-1.810179615474205
275,0.7013148766963524,0.1024443654189513,1.0527793571508055,-0.3680242276081209,0.5686180611470926,0.17931888125907403,5.550044614317524,1.6777349995072917
276,1.133325664197182,-0.002910581753610697,1.0527793571508055,0.055452679234103686,-0.5769990520627457,-1.887935587987363,-0.05187782527562268,-1.6574884073434295
277,1.5648696623490377,0.4076797647930335,1.0527793571508055,-1.0376860798724492,0.16850669107587413,0.00036224420428476733,-0.2514886489705459,1.2537230658614091
278,0.9068495009917121,0.13029329695558856,1.0527793571508055,3.7365237843122934,-3.8787925193070407,-4.0998285367116045,-3.101108069788353,1.7444091171173461
279,1.824934067577053,-0.48315827543423573,1.0527793571508055,-1.0581959155634615,-0.3142488891067656,0.506002479290462,-1.9938374573087723,-0.5926290384914255
280,1.9051706602070415,-0.3549811537201909,1.0527793571508055,-1.2547868150599202,6.042428328255693,2.6720505612456122,3.2626209026435733,-0.7574581994077763
281,1.9406360334143344,0.05166955237874238,1.0527793571508055,5.384813819481013,-4.378902073850475,-6.206455504931322,0.16886570086442587,4.66266547511819
282,1.638694270156492,-0.2276821957911408,1.0527793571508055,3.199826507987895,-1.455355166257776,-3.5406731640658324,-1.4232472488219083,-0.1353327216079916
283,1.653802091879832,-0.16868691466649588,1.0527793571508055,9.252428708817678,-7.776640875620482,-3.9748435951110705,1.749422501874971,8.771362090070632
284,1.0768018570509879,-0.39349941149496026,1.0527793571508055,-0.715189778751908,-0.4089675622889952,0.4656696131938083,0.961568742049439,-0.2218430226888235
285,1.1062148361726174,-0.16596727625276475,1.0527793571508055,-0.24749895847622705,-0.025656452180396583,-0.8552120472934037,1.6426025227956123,3.418593867604689
286,1.7329579395662944,-0.2119810851350712,1.0527793571508055,-0.6989528820699943,-0.6091080592129567,-0.6131945666701688,-1.717078547518007,-2.7880554583076336
287,1.1479476484455726,-0.46104317907474457,1.0527793571508055,-0.1835744361988807,-0.24240095419878527,-1.4140909079402169,-1.589270453779919,-2.392134681047999
288,1.1941798102716508,0.05559443185015722,1.0527793571508055,0.8171420763538504,-0.8174450702960443,-1.8190882427645478,-2.0209642406338917,-1.1238635537379693
289,0.8021646751980887,-0.41712897004445126,1.0527793571508055,-1.404110273791555,0.10858189411537467,0.7893566296471319,-0.9474000270487664,-0.5097194956654323
290,1.3974250492517888,0.13126259630705883,1.0527793571508055,-0.4384492289165187,-1.2880141810083718,-1.7456985431785474,-3.295622647325393,-3.8094124207108098
291,0.7510319408919384,0.21160053377444832,1.0527793571508055,-0.4509021648044438,2.428300095181327,0.047718080854467715,0.05465237983572724,0.005389071524716238
292,1.1970463928666244,0.1620075109350524,1.0527793571508055,0.33575502129331936,1.1197631115454594,0.8849258192675826,2.585175035587456,2.7897695587828633
293,1.217673418903825,-0.36466252227944684,1.0527793571508055,2.9239741034026787,-2.70215373667288,-3.894128471227154,1.1424920778075753,1.051756107911931
294,1.565844174026629,0.022529437060440527,1.0527793571508055,-0.27775432854654336,-1.0448400440931964,-1.0060659771576965,-2.0630885050178924,-2.7567358228876566
295,0.9030160346625566,-0.22525346249356204,1.0527793571508055,-1.3598110555481813,3.718167487171689,5.633246060806533,4.425229885718445,3.3506077298290444
296,1.9972401933636528,-0.2687465964639243,1.0527793571508055,-1.2506660736248887,-0.5604537712280515,-0.11324220159623666,-0.4606472335632057,-1.6171820209301784
297,1.5678138116945268,0.18723976351604332,1.0527793571508055,-0.8667716431720276,1.080893780655686,-0.5687902082817653,-0.40934877266146263,-0.4779412186449865
298,0.7045511216637432,-0.26220747699678604,1.0527793571508055,32.94900841826206,-25.28880667245424,-32.334331026194405,-10.616964589593625,15.552438968325632
299,1.2947492205179283,0.054117182909650285,1.0527793571508055,-0.8931838198923446,-1.0017311305638965,0.050450618166965056,-2.3907435107208723,-2.0277989401856935
300,1.7865523803877688,-0.35734114266754136,1.0527793571508055,-0.7432798447836038,-0.720116661328851,-0.25076774116446865,-2.395833366032113,1.2084103813323495
301,0.909539268560235,0.18800600127212408,1.0527793571508055,-0.6232438391376269,1.8819244339613697,-0.09471276296684206,0.3927554693608304,-1.974605520260961
302,1.6137837859499196,-0.2748813116412321,1.0527793571508055,-0.24704767810160932,-1.0023127288580302,-1.3849018194852283,-1.6499304185488064,-2.29928349252814
303,1.3004635523252241,0.1951475590505124,1.0527793571508055,-0.8695743005424357,1.069174364880543,-0.3005662253139607,-1.3326993654329795,-3.0734727028353492
304,1.8265346773727025,0.41142046212991856,1.0527793571508055,-0.607569724502562,-1.0143944329656784,-1.0351811128643562,-2.631244682667686,-2.4759124959196512
305,1.160624308729916,0.2678857024239697,1.0527793571508055,0.3570337495970124,8.000192060396884,3.4153859877814243,5.183129916741966,2.857982136435793
306,1.9539978477791538,0.06832824040934182,1.0527793571508055,-1.1265665889676375,-0.2646493779710468,0.07705989214206976,-2.0009234404209177,-1.212998205226169
307,1.223771430194462,-0.1354531305282326,1.0527793571508055,-0.29826471224978013,0.12944007237483923,-1.0018130948464643,-1.319416761463767,1.8020110519400179
308,0.6672039575697565,-0.39317099759047835,1.0527793571508055,2.0541948631833664,-2.3189989541268963,-2.9993412801593724,0.8226227091781761,8.90053202430174
309,0.9151568340019747,0.20171658712175655,1.0527793571508055,-1.3645755072377064,-0.4410754524267888,-0.26128963650014625,-2.2075454492208477,-1.2827066742205746
310,0.815523489259077,-0.18891026682066314,1.0527793571508055,0.07792790016849271,0.36654274652266094,0.2538648606359326,-0.9273168547176901,1.1389868375765966
311,1.275979854127457,-0.39501202266023505,1.0527793571508055,0.6248827417911302,-1.2465182876481329,-2.0357227419327284,-2.7550768093156544,9.82942135795589
312,0.6859351585069736,-0.4109198543281837,1.0527793571508055,-0.9387496998130078,-0.30212906013344254,5.741430198373064,1.4247864923952585,3.6587895115708067
313,1.3014472744776622,0.2070655405321048,1.0527793571508055,-0.37352627154578966,-0.9762812636006134,0.056832330986705815,-1.9225075889560188,-1.8020940144012543
314,1.1375888436389863,0.3606532004176245,1.0527793571508055,0.5256225901485734,1.2971075973525532,3.407008894771229,3.338887942507367,3.6197467000298404
315,1.7420983357729243,0.2913045169599815,1.0527793571508055,-0.9425882049156223,8.452541727858264,4.537109605021207,5.380336935316969,1.3322649069200887
316,1.734925189254561,-0.1822847688479421,1.0527793571508055,-0.4386732190737628,-1.1964998399761255,-2.0140757024656826,-0.9543167258273342,-2.3776866939843724
317,0.7851988254440483,-0.21242006516359868,1.0527793571508055,0.6178943952163563,-1.9187553266407473,0.9919793608354452,-1.6251645291726737,-0.6890682879576259
318,1.5094208550468602,0.33120013810987514,1.0527793571508055,-1.2412142767367484,-0.5410883714147996,-0.11709839526313126,-1.4092649706358293,-2.5298854438112834
319,1.6302797065589616,-0.04060226440816572,1.0527793571508055,-0.6779162247962989,0.35301362502429967,-1.1639115765946597,-0.33389816678485196,-0.8080296205401454
320,1.0900195799663845,-0.05205273534327903,1.0527793571508055,-0.6411330070064134,0.21597301329462137,1.106015282284241,-0.4367939903952456,-1.1679689749419095
321,1.18859675758949,0.04526496587845019,1.0527793571508055,-0.8758085258592953,2.265576934232734,0.49243570763223143,3.8550754420304374,2.7460457185671308
322,1.3471844728395352,-0.2793167046219134,1.0527793571508055,-0.9477034453768092,-0.111989118199324,1.2402629325629841,-0.8137034546641322,-0.19593786615152453
323,1.5639639512731787,0.23270764028307456,1.0527793571508055,-0.5831428240657697,-0.7995531284304991,-1.6496619370699515,-2.76035313797275,-3.4193278548601254
324,1.1721575346105446,-0.02999534713453833,1.0527793571508055,-1.31215881756695,0.971716599116589,0.8038262186660541,-1.308959901502044,-0.931012293830541
325,0.8269659315185963,0.32280859458594,1.0527793571508055,-0.27642392688503636,-0.9012169665278261,-1.5934230093831039,-2.5327680344795884,-1.800141863223313
326,0.7599090663902596,0.42776192037474925,1.0527793571508055,0.024200557877953388,-1.18146378508106,-0.9621411213200272,1.3699591409813001,-0.5161041889020788
327,1.515234421197438,0.19209524260483146,1.0527793571508055,-1.3459129870546307,-0.5113549990288406,-1.1199487967149118,-2.498147126270327,-1.3368404324697396
328,1.3459960339051495,-0.18379192113315423,1.0527793571508055,0.8881041293197449,-1.49501702986319,-1.9191318283222838,-1.1790208778786984,-1.0535011723634693
329,1.1754259643117502,0.41275623515034177,1.0527793571508055,-1.2547507322397784,-0.4648738103056287,-1.0175885698648077,-0.13827977181592033,-1.9717808379375696
330,1.9445384185343424,0.3701213494162442,1.0527793571508055,-0.3569298821187221,-0.9489918446591282,2.5020256774634015,0.17765999863073123,-0.20630832616990302
331,1.584258836792916,-0.10918977815073849,1.0527793571508055,-0.5496386890268092,0.9761335548745964,0.3103946219635647,1.9780942274005882,-0.723559961153338
332,0.6037841509045955,-0.2206864771660939,1.0527793571508055,-0.7303790071913896,-0.35023700217057474,-1.425503365938165,-2.2519473424107996,1.6357503208136492
333,1.6546894743989828,-0.37546394599033484,1.0527793571508055,-0.06349130294849226,-1.3201649263252206,-1.8182646448608788,-1.3567890126901005,1.0423793843966438
334,1.354177193896111,-0.17971745438401154,1.0527793571508055,0.23750754526176276,-0.9003174052464604,-2.0421482671839057,-2.090158903710371,-1.6815636164072578
335,0.7936697165464112,-0.1287016641949903,1.0527793571508055,0.14691651748671997,-1.2220306004279673,-1.5751892380827712,-2.41089247768646,2.486640480468882
336,1.9530803818383833,-0.3233138565218968,1.0527793571508055,1.4976972895122924,-2.286555591496013,-1.057003062625653,-2.1932967416745806,-1.294889747278107
337,1.712910429665018,0.15657194941156583,1.0527793571508055,-0.26645958347796483,-0.03578307144376347,0.6050424490894741,1.4376267187464578,1.5192385250467964
338,1.8676851392700538,-0.3445045474855706,1.0527793571508055,-1.5240365254714525,0.1264738452878107,-0.5938661133048913,-2.224967914539514,-3.390718550378269
339,0.8681554692255232,0.39759578362838865,1.0527793571508055,7.794132806412903,-4.562369474541676,-7.266350846109732,2.2288779899731956,5.5346435325410015
340,0.9530728060147488,-0.3713626683446556,1.0527793571508055,0.2913440354404979,2.029536162573857,-0.0549323104950834,1.2817696785657358,-1.1343947462017234
341,0.766273543676093,0.23116520397814955,1.0527793571508055,-0.860082553763582,-0.24217905756747027,0.2326147760230095,-0.07028424236832764,-1.7340401381383355
342,1.861640152355923,0.29904148233818817,1.0527793571508055,-0.6963563501424335,-0.928248009694543,-1.5518753767832298,-0.48929574967444767,-1.9136065541898768
343,1.0679949314272252,0.26143222175822267,1.0527793571508055,-0.7018973679162879,-0.6947270768968539,0.41320024905676256,6.011377121723427,9.235748273872368
344,0.8464066113582938,0.11593532369209814,1.0527793571508055,-0.8081838027847624,1.188230150488756,-0.4898965015044079,-0.7703818429085664,-2.6460436515244075
345,0.6549904547352625,0.16276948092110533,1.0527793571508055,-0.7902863060142841,-0.6709763566328373,-1.7047905939697756,-2.0522786579200814,-1.763815564072902
346,0.7848807752875135,-0.11142030541481629,1.0527793571508055,-1.4042230597709282,-0.020435893642701597,-0.7216661778306802,0.031167110046538715,-1.9154237357497785
347,0.8923990910052082,-0.44485302836555707,1.0527793571508055,-0.6908402115897584,0.2964338256090937,0.6114186579013783,2.662560840168485,8.122556005004874
348,1.6275393494791652,0.09718884092574276,1.0527793571508055,0.4174978493345445,-0.26260585439248496,2.185967149015591,2.580137858635722,3.6399050657094083
349,1.9449039325130983,0.1373570499974135,1.0527793571508055,-1.3480451391798345,1.6227489792627843,1.2005319113955935,0.8409906043678483,-0.0813579825770685
350,0.7409149147510247,0.024919520409881657,1.0527793571508055,-0.8985025790943278,0.3720597130203074,1.6582502856537733,-0.5565574773356594,-1.5612725831286116
351,1.972761269640741,-0.339600094284642,1.0527793571508055,0.2503561390908613,-1.116683069430731,-1.1095337878113836,-1.0375714676902772,-1.7868366579500168
352,1.5943694970225775,0.02805122639860025,1.0527793571508055,-0.6744636405665378,0.3613895402141596,-0.9105330833515051,1.2845575163358918,1.2238348783264779
353,0.6439322649064976,0.4416183604647538,1.0527793571508055,-0.9335967572699354,-0.8631699244996538,-0.498368827554196,-1.5145364110670165,-1.3282569968627225
354,0.6286381830895577,-0.1498161594396975,1.0527793571508055,-1.2333068475523568,4.245895486676149,5.733073304274032,2.8098403523049624,4.844682137877814
355,1.7014072234644053,-0.2613693831387591,1.0527793571508055,3.888337185178396,-2.7465234467613255,-3.974605945644496,-0.06208808549209488,2.0182976877310015
356,1.0218704521602118,-0.036054382354555714,1.0527793571508055,-1.0491926827365092,-0.5457908044715576,15.34995833478703,7.112721492868633,8.069184069747134
357,1.5574553044818116,0.2599411652390923,1.0527793571508055,0.9657026932300008,-1.9190755774619328,-2.6614424707473034,-3.203146774496223,-1.746981083854178
358,0.9910735499934245,-0.04355054208775477,1.0527793571508055,12.936345653071964,-10.169392285561692,-12.63936860212122,1.9232382613841104,8.71135542458455
359,1.07406162236067,-0.35168539045189895,1.0527793571508055,-1.3986081135338533,0.26536464314678176,-0.7918711011287196,-2.319949242196809,-0.9124340343706656
360,0.8045917158522868,0.08484672708465513,1.0527793571508055,0.24045306882775463,-1.5446721161873675,1.924379912789258,-1.2404658133963349,-0.3823919206110675
361,1.641158712050584,0.4984632554340388,1.0527793571508055,-1.1822366620412117,-0.6731394573151441,1.5103429494079155,-1.3311309750628024,-1.027424437726789
362,1.1417155084096196,0.028327743966523933,1.0527793571508055,-0.6892022874995433,-0.8375819535723188,-1.2671479429923402,-0.5566237633853559,-2.0083043570945
363,1.8216876630516823,0.41890749302996677,1.0527793571508055,-0.05609185178961118,0.40991269779880524,0.08570003767141143,1.0257717400021082,-0.2685232023996851
364,1.5082410039889727,-0.025474334155829226,1.0527793571508055,-0.7626666134090441,-0.2859850678211362,1.2753639808970503,-0.4536337279748013,-1.0439640976525741
365,0.9726472948939238,-0.06264536917154595,1.0527793571508055,-1.1500352138264534,-0.1790756161906104,-0.9684344379232624,-2.2441215088410287,-2.275045611416708
366,1.3588006096690575,-0.20537377132659207,1.0527793571508055,-0.9640049291719867,2.5739758063288285,1.2594665860376137,2.350581618653008,2.690755941344544
367,1.9960872229216378,-0.018490291865149167,1.0527793571508055,-0.9458318695012968,-0.2004923272896515,1.4771723615076233,2.2861662837863492,2.138260359631162
368,0.9455891677371493,-0.481842752716902,1.0527793571508055,-1.4837674291166532,-0.3491220017228027,-0.14390014604483437,-2.270036690457839,-3.6788458116589564
369,1.1373775421294035,0.31626230000409383,1.0527793571508055,-0.3929422859264622,-1.1837679247971156,-1.7142989179640171,-2.792734479643025,-2.6984995860937544
370,0.6276170272890034,0.1775625699836939,1.0527793571508055,0.1500018028907386,0.6441552854429622,-1.0255863490989325,-1.0558388452694512,2.2213867806905156
371,1.2205948497372705,-0.28510819213325633,1.0527793571508055,-1.3465046643429854,-0.14695619734608778,-0.7169369244810698,-1.5188388270314932,-3.0998285272291346
372,1.7438206874006446,0.10023838436568222,1.0527793571508055,-1.2285694223117007,1.4181539466264095,2.1886505468459783,2.5852859262925554,-0.3768607003059956
373,0.7277315657426318,-0.420915030589306,1.0527793571508055,-1.1758633436240935,-0.7640746537145662,-1.466257948834654,-0.8412253796766547,-1.3718274114713735
374,0.6303341884939425,-0.007843246824707939,1.0527793571508055,-1.197881351675989,0.25227533792689893,-0.6976751706542208,-2.170017494671759,-2.654739185523309
375,0.9780623458056121,0.043571990804241456,1.0527793571508055,1.0963696358450563,-1.7542935152344934,-2.9328192644045945,11.127425158748522,7.632769041270797
376,0.8922549498175516,0.4708721083110118,1.0527793571508055,4.643439907710371,-2.359317960445015,-3.434649637869324,-1.488481586207081,0.8269892435273274
377,0.7905869240764097,0.2824737231847062,1.0527793571508055,-1.3361562144636243,-0.1971766380882931,2.7532953383324843,-0.6367106659922623,-1.1313538639614826
378,1.1568950575520436,-0.49552701817300127,1.0527793571508055,-1.2121941656677462,0.7714640833742594,-0.32202720620457637,-2.042362646076861,1.8309504276190083
379,0.9420137197520654,0.10368695719893994,1.0527793571508055,-1.1081695637458804,-0.4463601881198027,-0.8639709688934549,-1.6460313287889925,-1.8520520813096961
380,1.1029640963505765,-0.42332530692554504,1.0527793571508055,-0.21382012028598285,-1.217435009580198,-0.4962298439658137,-1.4347530511577364,-1.2115750859066219
381,0.9586420436319905,0.16082076167758086,1.0527793571508055,-1.1456045371081978,-0.810546513877632,1.02722441906025,-0.7366642773579013,-1.874238017667464
382,0.5904179336277076,-0.0318223778123119,1.0527793571508055,-0.8253313305746242,0.8857625134710099,4.623603680083426,1.8405814669310017,1.599110892796849
383,1.1016997966560025,-0.431206385074942,1.0527793571508055,-1.3967196523386285,6.316718841680841,3.9838609165106966,4.65391210160483,0.49149995317585304
384,1.7497341632994128,0.23438418578414366,1.0527793571508055,-1.1103609473154452,-0.6242763220421652,-0.7941560348484736,-2.396347439412514,-1.7155860491592372
385,1.5399385943956605,-0.05903121522435495,1.0527793571508055,-0.5547386921180086,1.4366042356976032,0.9965073565533711,1.0757918975767957,-0.7416027808525257
386,0.7261788248939349,-0.4004333838553078,1.0527793571508055,-0.7337271515159332,-0.5989584051510111,0.24885115740559227,-0.25472036137040055,-0.13413921072507873
387,1.253034512245354,-0.46531397046621326,1.0527793571508055,-0.9222887709830285,-0.5595404435268256,-1.3628748283577994,-2.871993095130002,-3.3324576802914896
388,1.491674589009779,-0.027973000859181307,1.0527793571508055,-0.177615924559692,-1.300298803885753,-0.576026135243749,-2.3444181803320596,-1.6871219553757308
389,1.5438703523862696,0.44553483664654936,1.0527793571508055,6.286227807877004,-5.614359755809984,-6.262322296777553,-3.1489021278871356,1.0557021546255951
390,1.206813584846456,0.39012543608603,1.0527793571508055,-0.09429719461026975,-0.7086581970983403,-1.661060776589385,-2.6688314318969564,-1.6577002723490555
391,1.5896679393908162,0.04190532336853525,1.0527793571508055,2.306091971548069,5.346052711124437,1.781378618724661,4.547242659891968,3.4380534757011354
392,1.5407888849408486,-0.39754666414494866,1.0527793571508055,0.05973194457708764,2.9982336582788847,0.9417202376430027,0.4903221458277893,-0.41311692524375543
393,0.8239690239542776,0.24954465372877177,1.0527793571508055,-0.8602611819042025,0.19868967997691644,-0.47557341569475575,-1.7887366934803803,-2.684141734092604
394,0.6553706993713775,0.23275201291235226,1.0527793571508055,-1.061496198964822,2.2586281822563237,1.8211970431547844,1.7647712636082855,-1.2915727094980567
395,0.7222093269385961,0.19757552702625902,1.0527793571508055,-1.2916762565294635,-0.673012801522944,-0.9772066030900715,-2.3803655556731567,-3.0495581791457855
396,1.9006473045636807,-0.19495658494908907,1.0527793571508055,7.90897908218641,-3.608281319010535,-3.244679974271335,1.608572349354982,6.204922261836871
397,0.5456071840183114,-0.26070901480990083,1.0527793571508055,0.11127004701980048,-1.6315993455853468,-1.9279102072958036,-2.6396417188724497,-2.04781054892542
398,1.3099686580956926,0.02627238883955596,1.0527793571508055,-0.4926934805257521,0.7018304870639667,-0.03004445849200099,-0.9289142535872518,-2.3143585304833842
399,1.0583167534645497,-0.24768977095695988,1.0527793571508055,3.12259838416107,-2.532597775538249,-4.202219575743905,-0.8725542715183874,2.123944061919519
400,0.7770637369107414,-0.333184895281045,1.0527793571508055,-0.7496139599870939,-0.9222537154773273,-1.2971523953171644,-1.0579322593347797,-2.244150275579573
401,0.8738731957951416,-0.011812335481316993,1.0527793571508055,-0.4028658781401886,-0.8483764355013835,-0.7810551937447522,-2.4850587881629163,1.975499186853705
402,1.3261158718994241,-0.08490176182885689,1.0527793571508055,2.7799353267556617,-2.5985147280269594,-3.5696024839356175,0.43510456951049115,5.494224256859572
403,1.2465381894839642,-0.06164551305838317,1.0527793571508055,-0.8276101742869832,-0.3609666851265576,-1.239092321956464,1.716037373368268,-0.0907992372884674
404,0.9518277363723555,0.49322176170320764,1.0527793571508055,0.9963096660467281,-1.219531285198069,-1.4450517013533066,0.4581430062465297,-0.22760263904296196
405,0.5470493942849484,-0.07995815212199175,1.0527793571508055,-0.7038138860193206,-0.8031743191331919,0.9337327347669033,-0.691832260181543,-0.8912291558430874
406,1.6109212062224372,0.3685246414034442,1.0527793571508055,2.965199435763341,-2.9265060632785946,-3.5305791757473277,-2.1665864527038274,2.2419136185588266
407,1.1150417105159067,0.1324594519459339,1.0527793571508055,-1.23630339550514,0.8181035867195878,0.8732636299520942,-1.0847712304332118,-2.853470806954455
408,0.9270474489064306,-0.2226429762096912,1.0527793571508055,-1.594240596008265,0.14845959176324852,1.3975434902299773,0.5007381974108771,-1.1223061225311834
409,1.0499568175987126,0.2286100758532824,1.0527793571508055,1.0400799119364712,1.2580708410615369,10.489956754895875,5.3561916016197495,6.463462154651938
410,0.8809037593092901,0.08746301588261363,1.0527793571508055,-0.061317159039876,-0.9558996426184162,-1.4259358252859207,-1.3311707636789583,-0.02938431501611216
411,0.9551219004563891,-0.11487899557771664,1.0527793571508055,-1.48882633435562,0.05149081074244832,-0.5730445028408595,-2.0746584743330914,-0.1349788403410228
412,1.0865024917576998,-0.16434160602386494,1.0527793571508055,1.632421991010097,-1.9655245552839837,1.3862588523682664,-0.871710441439223,0.5924548480246989
413,1.8299886333779987,-0.3976826340713979,1.0527793571508055,-1.3501100296764137,-0.3572161419720721,-0.5516865272019564,-2.408464448319089,-2.6974980155630908
414,1.5856232443506837,0.1644615397437268,1.0527793571508055,3.9759030771622434,3.0665916389363046,0.757629420312921,3.6379268733905405,4.783280795039588
415,1.9206596793576536,-0.0706626876019315,1.0527793571508055,0.2657831226710503,-0.2036035472896065,-0.3974925796418409,-0.09558443827205054,-1.317539989820034
416,1.9906041676391721,-0.08055932132577848,1.0527793571508055,3.859668302950247,-4.049003489538398,-4.908673137020448,-3.0108907885092684,0.8617781015495289
417,1.666377387015804,-0.2129736080444623,1.0527793571508055,3.4335569345715458,-3.5500226470950356,-4.119610720624227,-2.1168034495359977,1.6669350114814208
418,1.9659289163554599,0.20747370285760314,1.0527793571508055,-1.3703281298016745,-0.5967800113933965,-0.8432343511380287,-1.2768301837732552,-2.971847039863836
419,1.764954608222972,0.17482336503413065,1.0527793571508055,-1.226814535161017,-0.0039647040158967695,4.946275356406899,0.6970429801944267,0.2152330857881286
420,1.5483786897086191,-0.47284812432869905,1.0527793571508055,1.4003866004326233,-2.0600225344494025,-3.0839822431931587,-1.5279587649619566,-1.6330405928505347
421,1.038600116605612,0.19304905424356555,1.0527793571508055,1.5209521774513717,-1.8614440774662473,-1.69932853612769,-1.368116695582881,-0.8754332865587964
422,1.9317503781596224,-0.46744370665536006,1.0527793571508055,-1.3479801559267912,-0.577310414841826,0.11310346381970193,-2.0658145947765596,-3.1625539567145706
423,0.7859586264401687,0.05125459087341977,1.0527793571508055,-1.2463420127935965,-0.14184446191182554,4.975534302136789,0.9768107427981683,-0.13970982302518165
424,1.0650596209816912,-0.4130544864704482,1.0527793571508055,-1.4837278222084822,-0.054308655664566885,-0.7721270727321363,0.8769518933577287,-0.6098416756179037
425,0.6958335583568886,0.28023618865946,1.0527793571508055,-0.06686698389787082,-0.4621011820566645,-0.8661297720874032,-1.802241685721669,-2.471855564777382
426,1.439251288266547,0.17036574733820964,1.0527793571508055,3.4540451363054654,-1.9506886546962767,-3.615305291189817,-0.30587234341175784,4.506073674183301
427,1.3531168628197145,0.3910459920920968,1.0527793571508055,-1.0720928594018782,-0.6692974175350487,-0.19962662746037685,-2.175439321862823,-2.3082975685396994
428,1.41751923126235,-0.21551841088242207,1.0527793571508055,-1.2152989378117813,-0.37637126162398316,-0.7306649068174984,12.084093402303665,6.048611849049092
429,0.6561536884983848,0.1542064224422034,1.0527793571508055,-0.8613774703752248,-0.5337441536198742,-1.419198998459033,-2.4705769431609,-2.808877775589268
430,1.5680284171091625,0.29453922340241,1.0527793571508055,0.05636978106051349,-1.5277995826831345,1.5849596809417754,-1.5036994954550875,1.1717881262357004
431,1.3456590086874276,-0.32099711273864073,1.0527793571508055,0.4003383470206776,-1.5305000889725138,-1.966108094586538,-2.5711954108015185,-2.289045408234144
432,1.0407906742284925,0.4320452808265697,1.0527793571508055,-1.0219833296937628,0.7074199644250356,4.372132417091135,1.0035532884660237,-0.16944509099420357
433,0.9657276602481362,-0.11710169026021688,1.0527793571508055,-1.454769600040166,0.44140242580067923,-0.288739266979531,-1.1248644495457882,-3.2046646401837924
434,1.6182984086249312,-0.05251752439954693,1.0527793571508055,-0.9699893428936152,-0.12938643228691182,-1.2191430410954838,-1.6718831920534898,-1.2003946624395543
435,0.580127858561079,-0.3574883574045048,1.0527793571508055,0.7280411808442895,-1.733322630036664,-2.346278108737666,-0.08665508550232892,-0.5294728023867963
436,1.9825691464905328,0.3511612675112843,1.0527793571508055,-0.33874544124204453,-0.7253897549339934,-0.16242344353690896,0.00964233270789494,-1.1839073617725682
437,1.5238689587780734,0.2013625930356736,1.0527793571508055,1.804038159592558,-2.1635577201589866,-1.5635950264650869,-2.2158753741134607,-0.9892016215613906
438,0.5032788686514884,0.08783976500719637,1.0527793571508055,-0.02725108861999348,1.190862652291834,0.5840230259117334,1.8161190754560148,1.9768326378749235
439,1.8987145474064964,0.22344522568086422,1.0527793571508055,-0.8612179039868333,1.90292259466823,2.0106962636521954,1.2238864310407767,-0.9476424921305832
440,1.7251162849347679,0.01717875455526352,1.0527793571508055,0.18039401863507587,-0.5021602744050697,1.8584445069497013,-0.4785989151126515,-0.0002818892285496588
441,0.900385059200875,0.31673462561575905,1.0527793571508055,-1.119323299251051,0.10135423385908426,-0.8770461362411401,-2.1393127446468583,0.11765353112358001
442,1.5575610172068184,0.35030718578529285,1.0527793571508055,-1.3793955833910254,1.0365271417851356,-0.31691442827914384,0.8024318253216522,-1.9072222166962018
443,1.4178319710891838,0.08353734751581665,1.0527793571508055,2.1840357210257793,1.407642967585193,0.4934906423313148,1.4052215055541226,0.5849547045220129
444,1.642755738548579,-0.4426121361770863,1.0527793571508055,4.3948049877462045,-4.4679166117104145,-0.15265861301148487,-0.675634635505955,2.749304973971758
445,1.7278081400334588,-0.2952343708543905,1.0527793571508055,-1.404258931908803,0.02003394131228431,3.277461528251254,-0.7464784842961938,-1.5960878106356577
446,1.5454550539768623,-0.34124085807447124,1.0527793571508055,-0.5172034798382559,5.373538097636585,2.699313529869076,2.6209512385060565,-0.9510810501257475
447,1.0853863665280785,-0.11295236270022058,1.0527793571508055,-0.7339282446574502,-0.15747136480716617,3.4612994899730385,6.908313899854561,4.153056330459945
448,1.0097058889931931,-0.3681675645581691,1.0527793571508055,-1.2567950468254634,-0.07947302572104631,-0.9019926510723772,-2.6541944606739563,-3.3110023811721456
449,1.342197402993761,0.0785511596251971,1.0527793571508055,0.22511630065853372,-1.2017883320382403,-1.469786082454473,0.04039447541862362,-0.4525134870126879
450,0.5638220568267878,0.3985656865384489,1.0527793571508055,-1.034910381983487,-0.8728913748329756,-0.8606020824264309,-1.583043237829016,-2.8183030626861787
451,1.3607670992811347,-0.29272035622531256,1.0527793571508055,0.5687085760282602,-1.4327298013182996,-1.7941831539690871,-0.5139516276152207,-1.2138579403331777
452,1.853123110411425,-0.28817111321690736,1.0527793571508055,1.8088773629076447,3.296085631886972,1.5166184844126658,3.7096462547813642,3.6268521354359997
453,1.2050991248785865,0.49224612488965724,1.0527793571508055,-1.107662346747885,-0.3649570467626826,-0.3167568774813314,0.4191774422561063,-0.9716572290365327
454,1.3736647165731786,0.1872152208404232,1.0527793571508055,3.6020391735195725,-3.8016430236409664,-2.4328873441876024,-1.9532444241510758,0.5516552916278918
455,1.0784952509350938,0.18950389822432312,1.0527793571508055,-1.1801052578768112,0.0994704960313868,-0.6580411062095317,-1.9321087408408104,-2.9932919330804055
456,0.5323638563554454,-0.11039396915193433,1.0527793571508055,-0.9325116808460127,-0.6822499114408362,-1.3272282097312302,0.3719952149697838,-0.11244061659972537
457,1.7084515085371672,0.03845408852157062,1.0527793571508055,0.5746287507764856,-1.3031185294686074,-1.1504195829220163,0.12566831442719018,-1.0111992780576806
458,1.0133890676041615,0.1785300584906374,1.0527793571508055,-0.8179980518545347,-0.7650031042552354,0.20986274449909703,-0.7504589596846423,0.38276891770403987
459,1.0955041073210507,-0.02935802580325697,1.0527793571508055,-0.822315572732231,-0.03859702746604232,0.10606609542483736,-1.4934069018232015,-2.306184855827684
460,1.459266433010917,-0.42447770420169884,1.0527793571508055,-1.562667566793996,-0.21483828405815908,-0.3988692477540847,-1.5842977189683478,1.041104270296946
461,1.0966311015295003,0.07318620286137256,1.0527793571508055,-1.3062700831975302,2.132774852254788,4.131900428439047,0.9569192263222455,0.5633534922030083
462,1.158939836347826,-0.2531858770350527,1.0527793571508055,-0.34915874651128576,0.016477325656941266,-0.551489409464416,-1.7097223990102268,-1.6994436390748504
463,1.39589399136673,0.08090349431984889,1.0527793571508055,-0.6307386884463266,2.564583316285434,1.3853637588360748,0.1771715643813514,5.555471530614496
464,1.4642889470340452,0.014303999392310418,1.0527793571508055,0.5404785164801083,-0.7652423619991856,-1.76669409318108,-2.1141521668790046,-1.272205011137891
465,1.2070192182796329,0.3426799480672412,1.0527793571508055,-0.8814752596470417,1.64448198241368,0.7882489436710483,1.7361113895987166,-0.2062235596485309
466,1.0653161723929343,-0.2050054921790806,1.0527793571508055,-1.2166009419572605,-0.5227818554969712,0.9379636148397705,-0.3921787195986941,-0.7470554815693818
467,1.7443745362382248,-0.4477071022208674,1.0527793571508055,-1.1711144563341014,-0.6128510527746616,2.762236132414343,8.036333001987849,5.000701865647799
468,0.753018635945835,-0.44169874976463286,1.0527793571508055,-0.7011321282154112,0.17793242605203607,18.281175874047783,7.835482154798654,12.998321598044715
469,1.121321802447285,0.23101786545459146,1.0527793571508055,-0.641271412642443,0.40181317265601946,-0.43429151901661944,0.6960335390130292,-0.8304350174778632
470,1.4683684157999393,0.4587200721405973,1.0527793571508055,-0.6164685478980654,0.859031413563089,2.0883869080040105,3.4783208735715982,0.9128482606134534
471,1.2740672479731412,0.08925845525076725,1.0527793571508055,1.3871331358168812,-2.293507209612995,-3.3042968702214477,-3.360147667278441,-1.9745824511039118
472,0.5650700404007645,0.15426241590773393,1.0527793571508055,-0.32183178605249196,-0.7580126712309971,-0.5513526414561118,-1.7759497183729596,-2.0821594809058586
473,1.3018313913143662,0.13669599271054256,1.0527793571508055,-1.3917963921934142,0.8846380475520381,-0.5051819843521288,-2.0302178572707863,-2.354076669028536
474,1.6490974720199296,-0.448288940832703,1.0527793571508055,-0.9968386178182976,0.5178127582025933,1.6537599336879012,-0.4625729140753472,-1.8539384740991258
475,1.0717641532178688,0.15287787808276554,1.0527793571508055,-0.3483385436691986,-1.16023759645606,-0.92886845928801,-1.8447511308387536,-1.628044211509909
476,1.6573599807308521,-0.1512026615701354,1.0527793571508055,-0.798861351168904,-0.4085081945511082,-1.230207184112405,0.37932087551421567,-0.683415887679169
477,0.6184275226187419,-0.4783985700923269,1.0527793571508055,-1.147514148898067,-0.42410259071374545,0.512440312629332,-2.2123370142676695,-2.7621190310465025
478,1.7521869687767802,0.15630645641855978,1.0527793571508055,-0.2982452304332317,-1.368718569197407,-2.104562937394245,0.5677454210928046,1.220427908619413
479,0.8809131621119433,-0.14922252603696906,1.0527793571508055,0.21962101765166198,-1.5535249923043473,-1.2490742960314833,-0.5652526832379503,-0.3217211071482602
480,0.7278034591476295,0.1598673939182338,1.0527793571508055,-0.11214237163936525,-1.1217141311263656,-0.7017290149181236,0.7415739427614292,5.562476558861339
481,1.22122810460801,-0.41384140956014515,1.0527793571508055,-1.4777827020734235,0.05775746800222814,0.045996688394025265,-1.0147249839540917,-1.5132305822849503
482,0.7830721142796596,0.010154716780344075,1.0527793571508055,0.5879151622161838,3.5206195941005216,3.54471770821514,5.259570332978478,2.7509552686933008
483,1.383995183269557,0.480647285054828,1.0527793571508055,-0.735850450652824,-1.0196491045980214,-0.7892207452031359,0.011369574713003372,1.992920349822631
484,1.0384666063548933,-0.04057811112082221,1.0527793571508055,-1.352533332943546,-0.15149205594948234,1.6291954527309223,-1.6453930316408145,-2.202516974148959
485,1.1748120148625163,-0.05735955244881852,1.0527793571508055,4.8241324276209845,-4.176529443323558,-5.281041261722871,0.5865094350170557,2.0426684114088043
486,1.4878683092088907,-0.37678166326721585,1.0527793571508055,-1.1652625703238941,-0.3188398117842084,0.5961382325921454,0.03267997046169535,1.9276622709892934
487,1.874392873761944,-0.4141423793931215,1.0527793571508055,-1.0113753294895336,-0.11676794119615241,1.5441835578350855,0.13227198700536613,-1.4908903050852211
488,1.5177795714728644,-0.09602310224093169,1.0527793571508055,-1.1957838074434832,-0.45643775052754365,-0.05408334007966631,-2.0860263496452385,-2.2310161470678826
489,1.6311509027234368,0.258843578462853,1.0527793571508055,-0.5288764663169658,1.9430651894340105,-0.3509364557530912,1.5350691925468638,-0.929989072716813
490,1.232365227013151,-0.4692626162572966,1.0527793571508055,1.1797676170913665,-1.8899227317600338,-2.6906324066106304,-1.0322718045237065,-0.2530174528925806
491,1.4791301750613126,0.10359259042500812,1.0527793571508055,-0.7401741147903337,-0.1695981831137474,-1.1736507439802428,-2.5297989519023987,-3.380823379812594
492,1.5318007421015731,0.48152216830872197,1.0527793571508055,1.4969438995539304,0.7653595738055374,-1.1024872529781315,-0.8134884626193045,-0.8346908515052922
493,0.5516217466228571,-0.042546235298336454,1.0527793571508055,0.2675966621140631,0.30341557396974195,-1.4137932005981033,-1.3456150135610063,-1.6399026600678783
494,1.234121266374221,0.0506924021450984,1.0527793571508055,1.715141508735,-2.3456600224403483,-1.7508827813661485,-0.7908820993755075,0.12357400228484461
495,1.264225679660723,0.15541805478844728,1.0527793571508055,-1.5818346257173936,-0.15870609454773787,-0.7476137497112763,-2.8150784992055824,-3.071783852309748
496,1.1173865866534842,-0.10520602798856282,1.0527793571508055,6.3617971001958304,-3.825546907057584,-6.444869169644436,-2.7321299616052332,1.181241007128893
497,1.697878769337834,0.2342509700592672,1.0527793571508055,0.7095120417303709,0.6916821179777748,0.028755574627182146,2.147930174068101,1.380161590350693
498,1.5779495939402268,0.27524815799026314,1.0527793571508055,-0.16843833659534635,1.537246918581408,1.8770171437150296,1.0643529286051532,0.5721471905950626
499,1.8720859576865874,0.25363064504444366,1.0527793571508055,7.0443866306171445,-5.157402150217919,-3.3637265828654686,-0.7557270455220413,4.61664422404616
500,1.3908832576036525,0.4084217771075225,1.0527793571508055,-0.4496544259766866,0.11981540165504834,0.7421485442312084,-1.2116391502031458,-2.1496433278160065
501,1.5970280373444696,0.3188838096827322,1.0527793571508055,-0.7525278375849347,-0.9356963836643023,-0.23334454649754233,-1.6333260042183582,-2.4486732662995423
502,1.912663806361237,0.2697511635037019,1.0527793571508055,0.6278100819498174,-1.5651977539077164,-1.853841981439686,-2.083477129508081,-2.134283036502408
503,0.7356745094689838,-0.029416749730582503,1.0527793571508055,-0.48568722721175317,0.9101028278720165,-0.4792457745732226,-0.239287573257273,0.7403406764474654
504,1.0712383796131524,-0.4271383661166106,1.0527793571508055,2.5820152633835516,-0.9560118746854513,-2.8063450969735957,-1.534246630524506,-1.1455767296686017
505,1.9473301515250214,0.047805319855971695,1.0527793571508055,-1.0762455464542993,0.6326662026337657,0.5605617841920099,-1.1695684110213285,1.2305432677255537
506,1.3329483021304993,-0.46568139926209584,1.0527793571508055,-1.5257311069305028,1.052801758343744,-0.07833476271986783,-1.54131545478494,-2.8279181551312007
507,1.5962099173364637,0.06110676704011653,1.0527793571508055,0.5886950619922611,-1.7799005721062378,-0.9520710231422835,-1.8521115107612622,-1.7043409646429808
508,0.733188199658171,0.09864315603578466,1.0527793571508055,-0.5451688249808666,3.204869620542219,1.679717407530572,0.9490077054502932,-0.8940044249198639
509,1.4595259737150759,0.3681208409588088,1.0527793571508055,-0.06281069359532965,0.0850911920167361,-0.7006558822710105,1.3419311223387393,-0.7410859823008993
510,1.0209985646797899,0.4671963102702247,1.0527793571508055,-0.33550169829902843,-1.182530247721722,-0.9800242195087683,1.8201319961329778,0.11222756559912339
511,1.8878254434240687,-0.4399222664659356,1.0527793571508055,-1.2229812210848308,5.8769351445708375,4.508578988791529,3.4062751214175435,3.1678691979943387
512,1.2200022975834945,0.15945590548192423,1.0527793571508055,0.12603413543514597,1.5818368536770375,0.8359819034461706,1.173559959769157,-0.7317229313615661
513,1.011816828888473,-0.4926722718385316,1.0527793571508055,-1.3215301119730718,-0.5527698331706179,0.36509444930055945,-2.1252990265725806,-1.323247939783903
514,1.4211262043750725,0.2589646904601507,1.0527793571508055,-1.3880610125369077,1.2421542396449814,0.4921815172901973,-1.1551620115909786,-2.9312172189798993
515,1.1042795705240844,-0.42419664870705953,1.0527793571508055,-1.1156576202854036,-0.47519893556745374,-1.1159605706053912,-2.781090065552962,-3.8739674524635026
516,1.2440643764621135,0.038830782193913005,1.0527793571508055,0.8120840209969749,-1.6852076260622384,-2.502490013548048,-1.7694764287199234,-1.8735214051919344
517,1.9394667263561929,0.026201239256269382,1.0527793571508055,-0.6977841030355759,0.962136105525226,-0.750496890608959,-1.331073653948481,-2.8510831916573895
518,1.5682074526765417,-0.05116126255182629,1.0527793571508055,1.7404779152166192,-2.0783875543649275,-1.507567997689148,2.7262557798664195,1.5977118180113545
519,1.4131394308584873,-0.462741834352297,1.0527793571508055,-1.4099516752620387,-0.5538503940146207,-1.3693627778547506,1.5251082652671908,-0.5031466285388935
520,0.6170078413829604,0.19272522370535172,1.0527793571508055,1.4063467889357444,0.9057150954268396,-1.46407957010606,0.056185086998941314,0.001985792202258363
521,1.1022573591902198,-0.2988591761298999,1.0527793571508055,-0.24940278154396545,2.6822877033584476,0.3454589616207435,0.900563020823447,2.591967252244431
522,1.5020548199505839,-0.4889452447739433,1.0527793571508055,-0.3196161160393898,-0.30617357172939474,-1.2857209548686026,-1.8790579246962675,-0.8687259601308879
523,1.987705037956929,-0.4133668886324494,1.0527793571508055,-1.1561636280607854,-0.6877835271990669,-0.3558646278293023,-0.7485829444857655,-1.1151615678724807
524,1.1109127730828239,0.19484592013626878,1.0527793571508055,-0.9662143054452086,3.573590961744685,3.034451528497512,7.210292725553955,2.7247564344027992
525,0.6205028572540238,-0.3902956141616487,1.0527793571508055,-1.1579308998190418,0.47482535959129146,-0.7487275193681412,-1.9664940664438384,-3.1100860544656648
526,1.459360651118767,-0.16089854961237593,1.0527793571508055,-1.5889303713986775,-0.25080051556601735,-0.45781196195050966,-0.30752633994530765,-2.495029464179714
527,1.1798396602946037,0.14721339452426363,1.0527793571508055,-1.3021833411603914,0.6631785585279442,1.275811968855518,-0.8339052454530882,-2.5050915190280585
528,0.65292370241983,-0.41277365453924697,1.0527793571508055,-1.3902374328179388,0.7992247780990192,0.49042104514881446,-1.5684039955211815,-0.71773528803461
529,0.6674095940634697,0.44110941162639505,1.0527793571508055,-1.5526225124704245,-0.4991112054993354,2.064123552325422,0.9907970492190894,2.566488916493854
530,1.7289315402786163,-0.46110241429442345,1.0527793571508055,-0.7041080769032809,-0.7193106964788529,-1.3088326978292437,-1.2580072269644822,2.952876392942242
531,0.7476925599025313,0.061469132574679564,1.0527793571508055,3.376221273458178,-3.4090027993415277,-2.9926659737872945,2.6338323042505314,3.9829656970364065
532,0.9064112051364552,0.1603952888065091,1.0527793571508055,-1.4130874614677282,1.3103304150136421,1.1445171447258846,-0.4736509830070492,-2.0436981943026127
533,0.5243159369471317,-0.14815324241086314,1.0527793571508055,0.17191629224901472,-0.8034876959415076,0.5463738709334702,0.2881258663929187,0.44491990033869655
534,1.3186412067269622,-0.4882739217579194,1.0527793571508055,-1.1786940096256129,0.21950199516640279,0.34101290277037233,-1.5692008359707441,-1.4555571584518336
535,0.6549289858105534,-0.4013129112363987,1.0527793571508055,-0.5389288407678419,-0.019160636114577967,1.1933211729466895,0.044681595983587785,-1.4054962412052754
536,1.6711343041473086,-0.06415841237550579,1.0527793571508055,-0.3716957649574675,-0.38572313757965104,1.2257285911170261,-0.6574469609197127,0.3441134767895693
537,0.6544977082445026,0.26331546979563325,1.0527793571508055,-0.955064563590385,4.04342039874438,2.027475416108143,2.4312323327328187,-1.245672995795186
538,1.3318143388136674,-0.07747662176037173,1.0527793571508055,-1.3452874926525513,4.263544195736243,1.9971641511611207,4.180169777518666,-0.44565742109384576
539,1.4594125470782071,-0.45090279441681247,1.0527793571508055,-0.3667498644166358,0.8923161361546565,-0.42720056703033293,0.6909558683607675,-0.9488191050836096
540,1.4618721186130994,-0.280484416730969,1.0527793571508055,-0.18635081240919793,0.4071158739205929,3.225054350276701,0.6733060529588082,1.4354938554689438
541,1.2044106815635567,0.4983188054819774,1.0527793571508055,-0.6814578465977352,-0.8568373919639565,-0.9809417357818836,-1.5692791526959644,-1.9820279217242516
542,1.4457776267308873,-0.05073526842457865,1.0527793571508055,-0.568964701910881,-0.228347000589618,-1.2651906656674745,-1.5095512440466115,-2.7423269924907276
543,1.1910025940945665,0.07239918053814653,1.0527793571508055,-0.7702857138626595,-0.8195246277189197,2.6942832734013313,-0.5117371036748721,1.478326805759894
544,1.3232123889952834,-0.239808997501323,1.0527793571508055,-0.13655205370296364,-1.0381755194424533,-1.608468125910583,-1.0009825098140894,1.0628147578495413
545,1.2891542892666135,0.008255959235594967,1.0527793571508055,-0.7413930220351126,-0.8209502366722137,-1.5042095657820262,-2.6337995005563455,1.2177432476080297
546,1.0927171184963935,0.46087407453811,1.0527793571508055,-1.057922444701108,-0.18519067582498927,-0.3286285104453821,14.651472491239048,7.801036621010698
547,0.8166499651505934,0.32625213403709274,1.0527793571508055,-0.6275812133487813,-1.1156437911707506,-1.6164039336023779,-2.747724189229335,-2.8604061882823357
548,1.662424225312872,0.010911336770467739,1.0527793571508055,-0.8131806188908396,2.793885423558409,2.4679850724377976,0.9732517493475692,-1.4353255178785602
549,1.6120299304759216,-0.1937391890605531,1.0527793571508055,1.2741048312679086,-0.9574951614718402,-2.5923579271278587,-1.0261811470800235,0.2154555038980912
550,1.3005625344554375,-0.40612562425770593,1.0527793571508055,-1.0882899041789535,0.2280374585393976,-0.503510039611653,-1.267021643324723,-1.9877217721605722
551,1.5248262891447613,0.051807632187919506,1.0527793571508055,-1.3915319017765415,-0.36414825737227874,-0.9238627399965742,-1.2395685216676664,5.372306765600386
552,0.9695495085779022,-0.0770375682690767,1.0527793571508055,-0.2898965911865481,-0.5946295771372692,-0.6406833546429853,-1.7792831636663649,0.9354324997059988
553,1.014491087535333,0.3828357150663967,1.0527793571508055,-1.161161454917354,-0.7403081029119023,3.6350223170642995,-0.6793444006154763,0.6087895696904022
554,1.2704368726761612,-0.49353482278470506,1.0527793571508055,-1.2142174380208195,0.05186267207461315,3.7757446964036374,0.12470236473265106,-0.15912553740396973
555,0.9651436556143278,0.11459446893975445,1.0527793571508055,-1.3608906873394353,10.900065272128792,7.070765760807665,7.410718359486961,1.0371346304707565
556,1.2847933718423,0.2070889391018247,1.0527793571508055,-0.9604792832488211,-0.8262997375121376,-1.4718423410756707,-2.910812141527332,-3.940872164838667
557,1.149584330105309,0.1601465593524668,1.0527793571508055,-1.2196014104847908,0.845412013229109,1.6264140293144127,-0.8299716960575081,-1.1746126507778125
558,1.992242509110428,0.21339252182232338,1.0527793571508055,1.1131647828869369,-2.0507639951271384,-2.853468697774919,-3.3648395762237655,-2.7421043216698435
559,1.7457156052431508,0.024685901796019705,1.0527793571508055,-1.1648553084209907,-0.12458014685160768,-0.14769187902977587,4.006988759660141,0.1852351761350326
560,1.197455556509301,0.3142396605406048,1.0527793571508055,-0.2733346000582366,1.8094869612396498,-0.3155838992449622,-0.00806789780140793,0.13080960428689137
561,1.8746822411031046,0.3454747531638498,1.0527793571508055,-0.8774882090106089,0.169393393184043,-0.6571102242866402,-2.228438147069103,-2.15227978897782
562,0.7080113922131313,0.14580555235910853,1.0527793571508055,2.0017118848584325,-2.639020366291957,-2.827108526423259,-1.4633512250640426,-0.2929287633678388
563,1.5339115682550377,-0.4946237070842937,1.0527793571508055,-1.314156594279074,1.7189779512636747,0.6959219628607816,-0.5853405098215456,-1.981958917252646
564,1.8039277448058408,-0.45237594613366605,1.0527793571508055,-0.9862128959812687,18.03303082484399,11.061879662067394,16.12049523389362,5.794129456466883
565,1.31758676334786,0.4582187642692773,1.0527793571508055,-1.4084915747646671,0.20148908328575943,0.8390892886030734,-1.4950098475295603,-2.5340862250606366
566,0.7923315048776405,-0.0705038485615439,1.0527793571508055,-0.5092312627517128,-0.20573328644029187,2.4279498784871114,1.7063344327037715,1.0090929311466388
567,1.5766960225170774,0.43699258186136647,1.0527793571508055,1.2230560559987267,-1.6945771775559355,-2.9272840456197162,-3.01122322059338,-2.6677287656745
568,1.366099179745543,-0.4195726503231336,1.0527793571508055,0.49335703425865596,-1.0501734373620235,-1.8524193098788633,-1.9119077837517862,-1.983417366390786
569,0.5353966325628333,0.40593684132479635,1.0527793571508055,-0.6926782151877482,0.04519858580063074,-1.2020856467258192,2.7165470334137254,0.5330261917299275
570,0.6775364244917383,0.04495535186829913,1.0527793571508055,2.176042209045487,-1.53330037128017,-2.778367719517629,-1.7839936362083266,-1.35819033068059
571,0.8993213336957869,-0.44732828682169334,1.0527793571508055,-1.3035551581274754,2.5184916747283292,1.8055762210190869,1.7108206555775274,-0.22951592642156315
572,0.6123034496566468,0.3935182240529197,1.0527793571508055,-0.3586501925934098,0.3036153848703669,-0.23654730945679625,-0.9110375395643051,0.7520283740557021
573,0.9514373471895272,-0.23638277674211405,1.0527793571508055,-0.5166709529575773,-0.684884185644045,-1.0832991257449278,-1.8127826915943688,-2.1565498444853315
574,1.0828652137554289,0.2935288603489389,1.0527793571508055,-0.8706440767720558,-0.7948989981832664,-0.15572279520435273,0.36640443275293677,-1.6747002061635539
575,1.3759348550885016,-0.3256615660097272,1.0527793571508055,2.2915971889411706,-0.8526798710881565,-2.4463455285195406,-1.645906365081674,-1.14884927395352
576,0.903426529319431,0.04009811895027726,1.0527793571508055,-0.9220706617108178,-0.33042451123604266,-1.193888133202386,-1.1057496831484095,-2.8600030480269973
577,1.4028241486942248,-0.1709244926618927,1.0527793571508055,1.4548260847531007,-0.6990489617289857,0.01937268958378624,-0.8745957500335582,5.996768908651466
578,0.9868876127811381,0.441626200718756,1.0527793571508055,-1.2063872600322552,0.01050138107985843,-0.04983879675291325,3.0830417444874154,-0.20580746790799131
579,1.3441596328346734,-0.3839149877567055,1.0527793571508055,-0.7093450051140233,-0.5904171140111178,-0.7257823317254501,0.06154236765578447,-0.17027370532394537
580,0.6886328953923869,0.41123761267090264,1.0527793571508055,-0.6595183663135069,-0.8027800988384874,-0.9047878941767553,3.941478925979691,0.9348550375074867
581,1.8165247244489509,-0.2629479513527472,1.0527793571508055,3.1033055510409806,-3.1970016537120602,-4.330577461430431,-0.7565025247714177,0.4874904230016748
582,1.5282421040138399,-0.41446985343327014,1.0527793571508055,-0.41560605799322947,1.9872082054457842,8.150511814130063,5.682056195014291,5.8598665019136265
583,1.1359817832032935,0.3778590575494504,1.0527793571508055,-1.3704248976667674,2.1746454669567488,0.8615665339418355,-0.9077244332879684,-1.9598388418611903
584,1.2961040810022308,-0.3517320758810336,1.0527793571508055,-1.018440301153468,0.490247890215028,-0.5355102278717303,-0.4550749016302884,2.3538318756342322
585,1.4027991191475098,-0.18337190227298084,1.0527793571508055,-0.9595190071043199,0.32369206085045077,-0.37499831164413333,-0.14303878078779197,21.802474298790827
586,1.2437426255915887,0.3956744485001885,1.0527793571508055,1.3003046160605924,-1.4169918559320909,-0.24214217156746498,-1.1811380363446926,3.4936562505979163
587,1.3540083454978635,-0.4347610306014238,1.0527793571508055,-0.020533663643311995,-0.9648563297280901,0.24816008617823715,-0.433371505133586,-0.3434270480582229
588,0.9935726808126175,-0.05215943284216329,1.0527793571508055,-0.6698757464833903,0.15580526124191163,-0.8782274100205738,0.1191863776243336,-0.4443167587124188
589,1.8373020585946598,-0.2257572550307555,1.0527793571508055,-1.1749606316332755,-0.5541784926008846,-1.2451472078291326,-0.10331016180680219,-1.7962445417428947
590,0.9166815568271847,0.4520464576408504,1.0527793571508055,-0.7090721845911468,-1.058390471655876,7.768875520226454,3.519157461303462,3.1811624857618925
591,1.266361616064626,-0.21288771776931448,1.0527793571508055,0.9101786923378654,0.11336617161011553,-1.1105081181007752,1.1111588018709364,-0.3742391407593648
592,1.731337532614762,0.4580758781681401,1.0527793571508055,2.0842767280143595,-1.8382994428643038,2.828315407951494,1.6419123017083743,2.3795736792502353
593,1.5355421428613016,0.18560622568688956,1.0527793571508055,-0.5297297806011738,-1.0585040335181757,-1.1570409759687388,-1.6756769849272222,0.8523322144895449
594,1.5552781190054037,-0.3673457459643362,1.0527793571508055,3.574466377713321,-2.3327931942220186,-0.05054086878595232,1.0491907473776,5.531716648954608
595,0.9412490853759182,0.3345892109466303,1.0527793571508055,-0.1869843292572042,-0.979888561720506,-1.6637556265551445,-1.9022516608770184,-2.4659405418155522
596,1.8524067085401237,0.1203946170649075,1.0527793571508055,-0.9000296459258572,1.9062380407062416,0.31722479984881646,-0.890999627667817,-1.1756025787265645
597,1.0204050056651148,-0.38813166918748754,1.0527793571508055,-1.2231611899263972,-0.19447271893597495,-0.5755812732015444,1.1497141744021286,-1.2496502078767335
598,1.1919295907888876,0.3524989944888328,1.0527793571508055,-1.11154494105969,3.47275215375178,7.611183065312184,6.31708305718353,4.197466892536193
599,0.8235046889185806,-0.3325959383191408,1.0527793571508055,-0.7387783767000093,-0.18042564800616656,0.10193414033078141,4.109892926896338,2.5526042763684105
600,1.4893506466001314,0.274104348355939,1.0527793571508055,-1.5229194808937239,0.15232816568909646,0.13619781246388163,-0.24067024777569435,-1.6133717686192686
601,0.9945542766113937,-0.23668287857993187,1.0527793571508055,-0.4505798947494375,-0.40675417884065856,0.2054489047566177,-1.7877008830625076,-1.4418820996976203
602,1.1789735390508116,0.4064358230522793,1.0527793571508055,-0.8562667751526498,-0.8102442074832568,8.584369512584356,3.3022870473036914,5.349420351978492
603,1.7643649531060435,-0.281938522329674,1.0527793571508055,6.568962917072912,-5.325530835395296,-6.975289910919454,-2.049920589499711,6.14486105271784
604,0.9117213321022186,0.0020007316679360176,1.0527793571508055,-0.4049370465062174,0.4198945293650689,0.09786551308101332,-0.8290049107922141,1.0863301524424331
605,1.1044366834701704,-0.39584426646434656,1.0527793571508055,-1.4782711414045067,3.6574085302591746,1.421711227228085,1.660325460312213,-1.9622716829958293
606,1.4740191062133543,-0.08660242753177727,1.0527793571508055,-1.3529623543381022,1.047509700053883,0.1709080202399198,0.351603279664618,-1.6624927604101793
607,1.6230111434585934,0.12730941472725588,1.0527793571508055,-1.038317415013019,-0.37573197854183316,-0.8080832477230605,-1.0531342377077744,-0.6626466744429522
608,1.706781244540879,0.4923799452101908,1.0527793571508055,-1.3461341367996587,0.0025053621367527867,-0.32830186434770825,-2.1589572201460765,-3.122497391619447
609,0.6364471281949886,-0.4987540303166581,1.0527793571508055,1.1398316432893054,-0.4218239947775211,-0.7250648686531022,1.0921282417074307,-0.19885349288167342
610,1.1622246863620211,0.15661064938026903,1.0527793571508055,7.051445342107949,-5.3753391196820575,-4.435209506704316,-1.4145607489776824,3.2323246598097466
611,1.3301309850356382,0.04383548658974601,1.0527793571508055,-1.365189745052429,2.308070640638826,1.658049825735822,1.9450209286737246,1.936966102106004
612,1.7937638629911996,-0.4250690081099535,1.0527793571508055,-1.0298538521419625,0.4793124736451633,-0.21607771822322075,-0.9823083245866417,-2.4607403756785287
613,1.305193037069789,0.277329066074113,1.0527793571508055,1.1200685348744694,-0.006643559611628103,0.06800018807558339,1.7672298931356574,0.9732666387950584
614,1.571543087726507,0.306523601925464,1.0527793571508055,-1.05188542770439,1.0580932292545562,0.8014274883007162,5.760365891744264,3.1203635009255395
615,0.5241676203262073,0.4004521230630419,1.0527793571508055,-0.9399262402741922,2.8208359500677807,1.1193408710967838,2.98884040792158,-0.838037755729671
616,1.1062388136496177,0.3991930341175215,1.0527793571508055,0.6443614789984862,1.514625144921676,0.02093516630667902,0.566431647921326,-1.0112911555706134
617,0.5547890683275829,0.4866648192043864,1.0527793571508055,-1.2703057663849315,-0.24809522196170652,0.29515847691357644,1.2524235353827646,-1.0514543492414619
618,0.7999142837156643,-0.11454647286998298,1.0527793571508055,-1.306238276812841,0.496788767889063,3.3665571961730087,-0.05516224717124851,-1.1502985464967228
619,1.215190421102736,0.20904197093807242,1.0527793571508055,-0.26956687659975875,-1.07970014627181,-1.0523177557887171,0.25682280605890284,-1.3078784482304937
620,1.7354774014573573,0.24344426592183044,1.0527793571508055,-1.0836164824333414,0.4510835728474958,-0.8339591514237222,-1.301938450444173,-0.8091005972793828
621,0.9823836960418788,-0.2048262545117382,1.0527793571508055,-0.37001719768313235,-1.1027975999974744,1.6808413482590803,-0.4129719883212013,-0.22935231467023254
622,1.8704684544189907,-0.44596974494358554,1.0527793571508055,-0.2284653923094131,-0.9871395083868937,-1.9652776300491657,-1.6711061113541612,-2.827124719735109
623,1.7871132607020357,0.1811117541131082,1.0527793571508055,0.8896217951981806,-1.8851687148094745,-1.9530786331120822,-1.6963106102312948,1.5286743576163895
624,1.7180307706978293,0.157984866081878,1.0527793571508055,-1.5211130017979897,-0.012545991237353782,0.2542549430476897,-2.3117129800786675,-3.181042913822539
625,0.8264171262059118,0.2931810208692297,1.0527793571508055,-1.2041539787801323,1.4310286462051671,2.5802415266044187,0.6939551503520969,-0.3481486813583725
626,1.95997059373421,-0.2527177320525721,1.0527793571508055,-1.1236917511581974,0.35804464429992144,-0.23232903260743187,-1.538760011009426,-2.365721984728779
627,0.7261333309657698,-0.4595947328422424,1.0527793571508055,-1.4307155704596715,0.1905343551805847,-0.31264810367105955,0.9807466560132969,2.9655183122522084
628,0.7051652267260854,-0.27107891740513135,1.0527793571508055,-0.1541782744950868,-0.9784411153333304,1.4018544979263963,-1.153343730449487,1.8133251863227535
629,0.6548757555675242,-0.005273807649496809,1.0527793571508055,0.6755016547660264,0.04091981813731316,-0.2625626836388206,0.5025436941118313,-0.23692980792013407
630,0.5772309303319335,0.2778965520384936,1.0527793571508055,-1.0439802992793936,3.705043410429254,1.2508309082412161,0.7570693799921342,-1.4659958507182547
631,1.3196794525281126,-0.03851494574391001,1.0527793571508055,-1.3719821153017033,-0.36108241058191126,-0.8548325852778584,-2.038696069782187,-3.5169997606158607
632,1.0474765461343585,0.03183936822497946,1.0527793571508055,-0.5553994845949322,-0.32259454631392814,-1.2644804993077146,-2.2147132536761367,5.615219003870323
633,1.8783913329540194,0.20635302326380756,1.0527793571508055,-0.8112289685854394,-0.7639241462827537,-1.4088247330430925,-1.983177874977579,-2.0047202928822445
634,0.9797187643893086,0.36529996305156864,1.0527793571508055,-1.102915935838004,-0.17178273563905444,3.851840937861917,1.2884601774315136,0.1497721669329315
635,1.606296153549585,0.20301788087462025,1.0527793571508055,1.0319719726220384,3.7845393283245548,0.35420535859357605,2.1794008075646794,-0.6745586696187922
636,0.8957776772357996,-0.29715520608126655,1.0527793571508055,-1.4474856953570543,-0.16244187164452217,-0.6707694753587174,-2.3314352540546435,-3.9163709756791176
637,0.7644205559307904,-0.18340716840845428,1.0527793571508055,11.72729743222806,-8.740260338686577,-10.718238799578948,-2.9101361807536774,5.0722370923258095
638,1.8714716789017476,-0.4694423069267838,1.0527793571508055,-1.3992087074797337,-0.35837420897897343,-0.21384920234024296,-2.5637311006542634,-3.461184870018988
639,1.745909731335637,0.40639197500325286,1.0527793571508055,-1.1757705281683717,-0.6932138815786708,-0.29316708642483125,-2.2696686670898334,-1.7985661740142513
640,1.577937201427671,-0.39135525359367707,1.0527793571508055,-1.2791345876260003,-0.23932322345578494,0.11944725589833549,-2.0329278115620233,-3.1858863603367595
641,0.9398760250408615,0.4618820977054402,1.0527793571508055,-0.8530616129518153,0.5685729121401359,0.21746083827616203,0.33094363088132006,-0.3371788267281741
642,1.1553334886863098,0.043091455892071084,1.0527793571508055,-1.4993931286022368,0.010195490652215256,-0.8158858826555815,-1.5151055421991622,-2.1420212847947666
643,1.801475216402629,-0.35262935424474506,1.0527793571508055,-1.2248311070373818,-0.347941330403315,-0.37309533688369734,-0.2331608118883164,-1.3672831940053933
644,1.6249003262820851,0.16788550126846857,1.0527793571508055,0.36106599181612165,-1.7023064758477273,-2.2517555842467027,-3.1700901463697937,-3.075436337960013
645,1.6372106221334366,0.2420980413493259,1.0527793571508055,2.0907165371549663,-1.7497863128257776,-2.791162863330815,-2.1898827338767455,-1.5398221107457248
646,1.8444098994563216,-0.2880973124953785,1.0527793571508055,0.47173585229391124,-0.19265416156626802,-1.2813516931395963,-1.5921865783943756,-2.3430911439593656
647,1.3978396955083392,-0.03363280406408353,1.0527793571508055,-0.5965511079738564,-0.8765071651884168,-1.6687223379648994,0.42722125660871546,0.6036260476442377
648,0.6417851673518413,-0.35763248026364447,1.0527793571508055,-0.8106287174740595,1.853907394877131,0.509606489948053,-0.741111860940773,-2.91899818671135
649,1.551721134607931,0.04115027146145256,1.0527793571508055,1.0702586764389435,-0.7532982239446846,-2.0436508003230793,-1.879788540023736,7.7410456558330685
650,1.9815509731992917,0.35708102890299065,1.0527793571508055,1.2141720211699054,-0.9461431414181483,-0.7704438852877691,-0.6603284111160819,-0.33830425581970713
651,0.6002275679221769,0.38144061962331355,1.0527793571508055,-0.22318663375559544,-1.2283691066542297,2.035814092869556,-0.6576308617400358,-0.3511395750607502
652,1.308204359332553,0.45983577793797936,1.0527793571508055,-0.7703285232298301,-0.31001521242591523,0.9706019284696801,-1.2232131453656296,-0.8888157134805738
653,1.577365256061448,0.23709422309808026,1.0527793571508055,-0.6025100551325255,1.0917218421221357,7.853690243064457,4.2409682795012005,3.505518023860266
654,0.5756140033476167,0.06792999270103539,1.0527793571508055,-1.428874732723148,0.25680919667605684,1.3972860135181584,-1.695309989903671,-1.4869561643891807
655,1.7786720321298017,0.05700588634894577,1.0527793571508055,-0.09202365345730379,0.9562614821002682,-0.42153753797838567,-1.1173794395911227,8.141956844083055
656,1.7198107385569037,0.14449153964151895,1.0527793571508055,-1.5272851096984639,-0.36582233772895223,-0.6516854065845359,-2.75442824599832,-1.4451925511862238
657,0.6232297469952122,0.0418188608239225,1.0527793571508055,0.5005461858296738,0.5781937079512867,2.3741483015693516,0.7519484465628197,-0.012430784932743633
658,1.6862296313994436,0.1434536877416216,1.0527793571508055,-1.4455109992499864,0.29323523064620494,-0.22979167245364818,-2.2461742565775533,-3.6362604240036296
659,1.1948888061880327,-0.37134218865446034,1.0527793571508055,-0.2727620505128472,9.20089325146791,7.181412299642573,7.1552082833129935,3.2552369145152236
660,1.183411054747815,-0.22572093147481165,1.0527793571508055,0.5713444796397416,-0.4479913303260106,-1.4619427438173704,-1.546854530896316,-1.7774358614488612
661,1.12820834895418,-0.4124996573629356,1.0527793571508055,-0.11010020395980225,11.584704091143955,6.341451441536651,10.522981481471462,3.6309850254785436
662,1.7746253501843605,-0.11288631605763566,1.0527793571508055,-0.227001273397186,-0.1435506096136916,-0.8433497911649775,0.5609161445794184,-0.6164675406442037
663,1.2638704051692047,-0.2237883037342554,1.0527793571508055,-0.9558943792438157,-0.2532870952085018,-1.148996468627475,-2.29073131868894,-2.80748953275715
664,0.5586474647665545,-0.29528260337993395,1.0527793571508055,3.106456538700262,-2.574848762431901,-3.8078726257788866,-1.5762651411107056,0.4812452332455015
665,1.080219872045312,-0.23494304755583628,1.0527793571508055,1.9528739798554646,-2.811405084991777,-1.9882705790373651,0.246230823654205,6.011347024823066
666,1.4398915064634417,-0.04750453399619892,1.0527793571508055,-1.0101366931623539,9.265470393592782,5.076621295753765,6.743478765980496,0.44080149196710705
667,0.6185620983738307,0.4483121878124122,1.0527793571508055,0.13413913806836186,-1.1219898893199822,-2.280659480057258,-2.5398510999418673,-0.944622648799621
668,1.67450636074248,0.2870102669334149,1.0527793571508055,-1.3580723805500112,-0.13462154176791818,-0.017116649898013314,-1.9651859707631456,-2.213426102038653
669,1.2582456599138252,-0.38822244078528834,1.0527793571508055,-1.1626606789952034,-0.37182140147022724,-0.21086076821982758,-2.1359623576394204,-3.401956582290044
670,0.6610480434510002,-0.14056440703103779,1.0527793571508055,-0.8334003392672638,-0.7532199327305977,5.071860149408058,0.21974335738008666,2.8388123197394757
671,1.135231138813018,-0.4597775381284305,1.0527793571508055,-0.08457378514669767,-0.5681877893078158,2.076181997284833,0.07977302581493584,0.9959165179448961
672,1.3589865782503168,0.047967357145933254,1.0527793571508055,-1.4000049965898407,1.142410444724951,-0.1248810181872817,0.48988508885431914,-1.2311586050887267
673,1.798936698253362,0.40418275020329797,1.0527793571508055,-0.914898130087072,-0.7479415644851612,-1.0949056845075136,-1.9132328238401775,-2.739537703052879
674,0.7015700973599324,-0.44449435914572377,1.0527793571508055,-0.4785943511192323,2.037778660328405,0.49112987712948186,-0.238306587552366,-0.6543681152663702
675,0.8831623490149816,0.4745330574227494,1.0527793571508055,-0.747240599630407,-0.7008399560220425,-1.4545775675242916,-2.7818334817248873,-3.320604727404175
676,1.5593598534547821,-0.106920927035415,1.0527793571508055,-1.0814887011472984,1.5703590606889124,1.4508999623044043,-0.2895538832129927,-2.0774137290583847
677,1.0320419028446899,0.4591026519665222,1.0527793571508055,-1.0934357342393821,0.4888280831052709,4.084165828111273,0.5067460117917646,0.15495634368794908
678,0.6542065879882788,0.22105189564916716,1.0527793571508055,-0.8583004438780635,-0.7251490688852568,1.8828971836978177,0.21076313534675473,-0.5879276462142058
679,1.768614686129125,0.11379910492496059,1.0527793571508055,3.0252120654768877,-3.028644863885387,-2.7068790771685394,-0.8343278080377987,0.8569668171219842
680,0.7991136474287361,-0.08960005677806004,1.0527793571508055,1.718181959823165,1.2800718594327503,0.7264687569483614,0.8829141808232261,0.7589635128296939
681,0.8569529925987249,-0.3363389408881676,1.0527793571508055,0.08752005850772093,-1.6487157148267502,-1.7441316506290279,-3.119368101428601,-3.239556380970307
682,1.1829014704595082,-0.427356701377848,1.0527793571508055,-0.7791155481596507,-0.493008362971072,-1.465307580825613,3.1350872865362955,-0.16234172658419133
683,0.647967237511297,-0.23490190793699395,1.0527793571508055,4.398310623260893,-1.7438221711019208,-3.433374668335455,-1.1457872164189409,0.6909265568213172
684,1.668384269373854,0.29417926530070515,1.0527793571508055,1.082988460266626,0.05460566859940719,0.28943807451508463,-0.34764194652116776,-0.8599012523374954
685,1.1085668459253681,0.378104971471672,1.0527793571508055,0.07141469716795923,-0.6254686502831361,0.22406208830214736,-1.7683489707744788,-1.8845969007039174
686,1.3288277130397068,-0.014331208384558036,1.0527793571508055,-1.0911621050174216,-0.4474831266446251,-1.267673732248672,-2.700155898750163,-3.431898707196783
687,1.2563933999631014,0.14425999067888906,1.0527793571508055,0.7956465351374091,-1.6703648419357249,-2.826465511154913,-0.03661202959312426,-0.2510978311658638
688,1.5503376729427827,0.4816729174127504,1.0527793571508055,-0.42923837175505364,-0.4266972480708582,-1.0205341235289112,-2.261337371032556,-1.7207624950193359
689,1.9200037818043967,-0.04372445182667439,1.0527793571508055,-0.1321906371248538,-0.8939222624407656,-0.08699059125923192,5.600810358225376,2.660247545204075
690,1.748559052614076,-0.17218852262230966,1.0527793571508055,1.7208002459184768,-2.5822708858975894,-2.4762130286043873,-2.18049525991668,-0.7695935527669072
691,1.7422890401703892,0.02663737242043418,1.0527793571508055,-0.6929747985187805,-0.0705231262146897,0.4765651491020999,-0.24856953264802195,-1.4895805415008128
692,1.292407286248004,0.3030569440755896,1.0527793571508055,-1.0530955819897174,0.4785624880603798,2.8980456486267574,-0.5528566591908421,-1.2009856220051
693,0.5598435052067203,0.24860109539088282,1.0527793571508055,0.7329847104887843,3.9479920524798935,0.5170208260314153,1.9315511500500908,-0.5877118008517646
694,0.808596122014505,0.16112618561164205,1.0527793571508055,-1.4773494082965861,-0.5814317493162153,-0.843544001709375,-3.0369018806032773,-3.499441973497207
695,1.467682697189038,-0.34514621885044383,1.0527793571508055,2.9521427553698087,-2.7072962930291005,7.077793842425176,2.40270628477107,5.23073564499016
696,0.9706261071564245,-0.07768420022845024,1.0527793571508055,0.06883345282599729,-1.3308242442795652,-1.6474896305127051,-2.8346680544341067,-2.779981555673098
697,1.6025560510331651,-0.49009957171847573,1.0527793571508055,-1.5081045640865747,0.35705010690224626,-0.9003972896227717,-2.16708957113935,-3.967544610775285
698,0.8081841940486539,-0.425992225895261,1.0527793571508055,-1.1995951311017046,-0.16899653628404288,0.20217463844662964,-1.937636946388064,-3.2656893532912936
699,0.9488865967424267,0.08913703082500724,1.0527793571508055,-0.4410813296274263,-0.3773697546397141,-1.4607991353962064,-2.6512871238170734,-3.133066015383259
700,0.8959915716888591,-0.015652597252385103,1.0527793571508055,-0.9308536771524106,-0.24988115211206763,-0.8907026447337015,-1.9872953977376162,1.5057700795741753
701,1.302313265283678,-0.13728544165223644,1.0527793571508055,-0.8865264334088492,-0.00475829436392039,-0.26231745340836743,0.04449369289826555,-1.1731135822598497
702,1.645494423041162,-0.3426257338032005,1.0527793571508055,-1.1223169087094313,1.0305509105013746,0.3183256642327563,0.19719989956070894,-0.523354560030922
703,0.7361595647183432,-0.31404850784675653,1.0527793571508055,-0.687291527501271,-0.24161756315702343,1.2214446979197588,-1.4352662946335706,0.6480186340508265
704,0.7653296984874478,-0.4757545338239071,1.0527793571508055,-1.533698368272558,-0.23603116100415478,0.19215696828875406,-1.0464135355478843,-2.781594838908494
705,1.1207766497219371,0.4319047582365181,1.0527793571508055,-0.15307560531913067,-1.0387113919951858,1.2721613030950492,0.5393533827405212,0.24191127383033662
706,1.3223525025536265,0.17414128501320714,1.0527793571508055,1.5406877728925799,-1.944029391480167,-1.9933439170362037,-0.43801534603392756,-0.38223535635407635
707,1.660638167665653,-0.1413416554955893,1.0527793571508055,-0.7357212238136653,0.6096961990256462,-0.12636625202685958,-1.6231169013473326,-2.4922696521698753
708,1.830092868999112,-0.2849198400406697,1.0527793571508055,-1.4956030286543958,-0.15525999751221242,-0.3250873244509034,-2.0848889775122657,-3.527138736533451
709,1.3421050263812555,0.045892160527691295,1.0527793571508055,2.8979587034537087,-2.7879423378189485,-3.4755347958939606,-2.657229140461819,-1.13148035852223
710,1.0173504130808062,0.27277283417870735,1.0527793571508055,0.2822480311539135,-1.4547140850000102,1.0295278594673576,0.1927911668368354,0.49429409356140086
711,0.9212047103998801,-0.2576001995622029,1.0527793571508055,-0.7412526366873117,0.2551411480265273,-1.1465361107924055,-1.5190550790138997,-2.3447045918901517
712,1.4159686529034423,0.07947711602609442,1.0527793571508055,-0.8088861076312951,0.7450677857577501,2.1970531867135192,0.041397120838385426,-0.9858995347404415
713,1.9071557785710154,0.036267917063316,1.0527793571508055,-1.1108225549812032,-0.7898839413156192,-1.2283136019454157,-2.7009642070736755,-2.9690393586459005
714,1.4620819636849773,-0.052318028041965725,1.0527793571508055,0.5566968046182441,-1.0130257948222268,5.589580848428178,1.952254061420537,2.6001516534426683
715,1.010569961222642,-0.18438265869082338,1.0527793571508055,-1.0687656480431418,2.5217348142184726,2.4554314420508065,2.318739813713022,1.0502006375394823
716,1.4492389101379453,0.14776137504823084,1.0527793571508055,-1.5038435623409407,-0.04354536585259061,-0.9954499331344001,-2.035166100584936,-3.153434389091754
717,1.8149008936736009,0.459699113476976,1.0527793571508055,-1.4285704369343752,0.19994045041496555,1.0622049142826828,1.2030409409152059,0.36396096016072566
718,1.3001818314195768,-0.20541806980023347,1.0527793571508055,1.0732800709055357,-1.722416749719876,2.60932380611582,0.33059641774154547,1.0311032508276123
719,0.6569294066279279,-0.1802295512091836,1.0527793571508055,-0.3110337740768263,-1.1972158034174663,-1.8289330299850945,0.15512621575604757,-1.7143230223384596
720,1.4814932803856882,0.44460346259231276,1.0527793571508055,-0.4222844796229628,0.3717756534365555,1.5409885752886234,1.2035276541108768,0.5765645819867968
721,1.0076845385402264,-0.10213078659932939,1.0527793571508055,-0.4170979761020981,-0.2209541354316613,-1.5704807383358195,-2.6093400806897673,-3.2169545860134674
722,1.809339737728834,0.0864099742236385,1.0527793571508055,1.2567245958391289,-0.3454527217014749,-1.6834047898510742,-0.1451985051182958,-0.6460886537093036
723,0.604466880298953,-0.2626140413356767,1.0527793571508055,-0.9630058757024003,-0.05499027798450973,0.5708194402433815,2.4030331426396208,-0.014441308548209797
724,1.2623603082619133,0.446420928100561,1.0527793571508055,-0.5527440040873692,-0.3740227281256545,0.08739950398338214,-1.9333484422554243,-2.183187645600136
725,0.9168296862464848,-0.2904864879910597,1.0527793571508055,0.001915765906460809,-1.253351874133208,-1.4060463110828216,1.2696904460319396,0.06602705350951821
726,1.4103212233664877,-0.1342904511929306,1.0527793571508055,0.5215985983724454,0.0519907636849708,2.5287152903445627,0.2980641606424099,-0.3541952324769817
727,1.3180008786118922,-0.04996757438981381,1.0527793571508055,-1.400842006500368,-0.18535071865001873,0.43430421789819906,-0.8532983054953027,1.225567994711442
728,0.8292873248825852,0.409292375502994,1.0527793571508055,-1.54526345741446,7.6026901648376795,4.603021942180768,5.065699017802743,-0.055481209137897114
729,1.4747134023905462,0.36217004823359544,1.0527793571508055,-0.6570015631891485,-0.9264085036349171,-1.510309007944079,-2.968297910515855,-0.3516355525574544
730,1.7306701866648027,0.45108048565876124,1.0527793571508055,-1.5230048667414733,1.0282132422187154,-0.12956254096151132,-0.6303321036724019,-2.932158397884751
731,1.9165331401819174,0.13796934486552626,1.0527793571508055,-0.5632410879144265,-0.9202125770689951,-0.6312211692591985,-1.030118351026141,2.9474220724638407
732,1.4642695392197114,-0.16358184426774547,1.0527793571508055,-0.5748252285367244,4.399014150398322,1.9136094339379426,2.93503284030876,1.1513016444903608
733,1.2182756969167106,0.4910787642295209,1.0527793571508055,-0.617660852232913,1.9314910902502942,0.5975946011735545,1.845134057372765,-0.43304387516007736
734,1.9419552476040303,0.004084524778425802,1.0527793571508055,-1.487434370362878,0.29760264930742153,-0.7811115398713662,-1.3926602004192838,-2.9508462182356694
735,1.2188464044173184,0.4129142898708503,1.0527793571508055,-1.3864335546114153,1.7765164035126721,0.2822922497824176,-0.342251648967564,-3.010288243977251
736,1.8540189557972935,0.22761812612135646,1.0527793571508055,-1.1302236839940112,-0.5419119005446831,-0.9879667317311277,-2.1471048601421954,-2.9646136495697633
737,1.4106969904831945,0.35837484840960676,1.0527793571508055,-0.47134420745147865,-0.7686794047195873,-1.2866596060356044,-1.0798617010346212,-1.1557177923947235
738,1.9822311258062024,0.19956344309258234,1.0527793571508055,-1.2949318324963264,-0.6426881515504623,-0.8608386734811444,-1.0434869342295214,-2.4836262531913307
739,1.9648663876855144,-0.4391636161978093,1.0527793571508055,-1.2746401004956076,-0.4909371256898871,-1.0425697226240658,-2.4841632834974057,-3.405874354026111
740,1.884774909596505,0.43828140661165216,1.0527793571508055,2.874205014388676,-1.5828644586373988,-2.9235758189484433,-1.6970465998765527,1.889051441412004
741,0.8842695280184005,0.04849796506882864,1.0527793571508055,2.673059053264857,-3.3515259103300235,-0.30844867065375325,-0.7152933598259086,1.006798202316312
742,0.7622013092187414,-0.21740101130268585,1.0527793571508055,-1.328324896348306,-0.3227556232204536,0.8320761288455305,-2.105409731414792,-1.3561417243600524
743,1.6503647358835798,-0.10998491813092282,1.0527793571508055,0.3364059618999149,-0.6107721016478578,-1.1375701113847168,-2.212393576248915,-2.0916702785987265
744,1.8324237721105354,-0.4065704303052855,1.0527793571508055,-1.4704815959670148,-0.30285267126478876,-0.535703345708048,-2.7197008912469682,-2.70142491586739
745,0.6091870119322793,-0.4091579538764305,1.0527793571508055,-0.5695718831484569,1.4592763194879623,-0.384853048526163,-1.013945324354022,-2.86525810051204
746,1.2198557858637482,0.4421713334503856,1.0527793571508055,-1.252760100722597,-0.1724797770823192,-1.1774251976648515,-1.484805031535702,-2.6514530920398283
747,0.9330249683310705,0.052326965365177225,1.0527793571508055,-1.062828287710402,-0.5790625498103268,3.9670258314542304,2.030251714210323,0.7880928902662965
748,1.3565080312360236,-0.03085224369334605,1.0527793571508055,0.0028408557078347663,-0.4276082215139969,-1.6600434584604848,-1.1025774915042457,-1.6585585048314075
749,1.4416248394695064,0.29129288490198957,1.0527793571508055,-1.229153090192445,-0.3173263938711415,-0.8612223189994717,2.349837659398488,2.235423333545149
750,1.3461052456816116,-0.472055222506762,1.0527793571508055,1.4300479882658528,1.4412655702899508,0.9175209024792284,2.799293956152547,1.4055531098330407
751,1.6740069657906254,-0.04941494281375669,1.0527793571508055,2.1681715802690174,-2.374276885173782,-2.8803357763207025,6.979543404682146,4.870198260553546
752,0.7363293822460282,0.23300587967634023,1.0527793571508055,-0.7252579860259,0.003170112776213152,-0.9048621419745054,-1.507482055574723,-2.3979625354398335
753,1.2304439841237553,0.14614812610899508,1.0527793571508055,-0.6482103250753373,-1.1603450366147015,-1.3635450425516147,-2.5374433012980218,-2.9339563732814593
754,1.9108884076701624,-0.2563711533153782,1.0527793571508055,-1.2974510363784328,1.7062762785320928,0.7002035730168252,3.4321504565391754,1.9021373374191182
755,0.8229861235224278,0.22686337557040048,1.0527793571508055,0.11513398475002878,-1.2079415883290978,-1.6269937875648135,-0.18703607663832633,-0.7796828784587003
756,1.4015639842147125,-0.30538718223756867,1.0527793571508055,-1.162195578853356,2.971991922807522,0.45341848672348783,1.027082737811278,-1.8054420755807934
757,1.8156532121416111,-0.19157757440577494,1.0527793571508055,0.32574684003039867,-0.2244921111585536,0.980055692794819,-0.27426296007622986,-0.4232212386500618
758,0.6594825259237276,-0.2425759508455082,1.0527793571508055,1.1562558324518326,-0.9169073550840457,0.23571462933239662,-0.5586730069509767,1.8341024768952403
759,1.2061322046024443,0.0676907762861686,1.0527793571508055,-1.460605288445048,0.3234172333099359,-0.8487338507017526,-1.4262188705585799,-1.9526882611794116
760,1.015798815031679,-0.1348251189277695,1.0527793571508055,-1.0592304281879132,3.2060454281781823,1.4654865218481645,0.8256178567795889,-1.1531047414564501
761,1.2227185927427402,-0.14793237947353965,1.0527793571508055,-0.8311259311196059,-0.82976104876885,2.4326925855718535,2.5045055018155598,0.5055240509826144
762,1.979090192771181,-0.23822653970175456,1.0527793571508055,1.6528515248669322,-1.094290390844041,-1.5547356442621167,2.9842925123985493,1.4420127380600007
763,1.5166902636731028,-0.3549697584013044,1.0527793571508055,0.34103222771706454,-0.1454231595414721,-0.6997649675349186,2.0058183785857353,0.4710072830185297
764,1.806322460212796,-0.03671013029985504,1.0527793571508055,-0.5580280666934314,-0.026630410655273717,0.8760460992482684,-0.2899586815279833,-1.3735155210070729
765,0.7234121333540309,0.12177940072918758,1.0527793571508055,-0.5923591210007324,0.4176863900922072,5.503077246940158,1.1721600606428435,0.9598202570951457
766,0.9828493024434406,0.33560927992393674,1.0527793571508055,18.553778007292824,-13.88476533120621,-17.38844595233621,-6.011068505620628,8.242392041528635
767,1.7894605089649989,-0.15134808987207937,1.0527793571508055,7.721841249051317,-1.411997289690377,-5.303752447767213,4.751915042525645,10.22290898013489
768,1.194563713585599,0.29947090299133594,1.0527793571508055,-1.4141090188453476,8.259587651179139,4.265394970953356,6.716111634198714,1.1014833355403626
769,1.0903258183618432,-0.19613331719896077,1.0527793571508055,-1.300356421912397,0.03016617246399611,1.4245316495769083,-1.0446189091272453,-1.8751142061124888
770,1.766473265440591,0.4864960021422676,1.0527793571508055,-1.2091540298219845,-0.747044443837021,-0.686276815749062,-2.5389930466117954,-3.247300628563407
771,1.6756065390162265,0.26385977631113877,1.0527793571508055,-1.4772190841552892,-0.3470084816222525,-0.8448178032444709,-2.8319310475258996,-3.4554671263777115
772,0.8490285477214194,0.2618487936371915,1.0527793571508055,9.223682744589603,-7.886349553117868,-8.966894958659072,-4.071526471886713,2.745680281574124
773,0.7659170022177164,-0.21999024269724954,1.0527793571508055,-1.2777048719531174,-0.5841109425044606,-0.971780841629611,-2.072796371827144,-3.328665035631114
774,1.2954903479360138,0.026363707978466322,1.0527793571508055,-0.9007324871777727,-0.6299097831685407,-1.2145124427375842,-1.9412299779241826,-3.265143191948625
775,1.8521666182733856,0.3121447898424464,1.0527793571508055,-0.8482112411581747,0.6273748989743595,1.0844057511314378,-0.8583545657577014,-1.1478775925907363
776,1.465619412144267,-0.4787363665179243,1.0527793571508055,0.7177580413954705,-1.238790594519341,-2.089233944980615,-2.4576235476411936,1.925598370523622
777,1.5990545165055505,-0.35313745752358927,1.0527793571508055,4.208518685506287,-4.01285015752279,-3.5394438610772703,-2.4197033968709225,1.1998144806606632
778,1.6520728508459108,0.21600520175196836,1.0527793571508055,0.8749524659247547,-0.2201045212751065,-1.9241280393989262,-1.8125815460524137,-1.8664780818582707
779,1.314734031741403,0.29786515889219634,1.0527793571508055,-0.954577182823778,-0.5075929463857425,-1.0871855427669832,-2.6429530994644788,-2.7540899394616947
780,1.6136974393126533,-0.2322108272143335,1.0527793571508055,-0.736422447515401,0.28963206969054633,4.584759175239015,5.421269368481187,2.76746371120867
781,1.0660355791919842,-0.12123830289577742,1.0527793571508055,-1.4602145784430245,0.2019360281417597,-0.7198749313277965,-1.4974124960149364,-3.229535988364044
782,1.1447149421005427,0.05363127028002879,1.0527793571508055,-1.25694209314011,0.10330746330602048,0.30685540008449474,-1.8199600136797134,0.6854858671205002
783,1.861402333879967,0.02151581242687084,1.0527793571508055,-1.0170255147484863,0.8767515625096669,0.5442950969695199,-1.2373398445234995,-1.427785217557923
784,1.7365920654298999,0.3878571282166152,1.0527793571508055,0.33341799707860464,-0.9012551638175486,-1.8179532822615865,-1.7410843695647127,0.7107763573352788
785,1.098761983293846,-0.49809327549174676,1.0527793571508055,-1.4616259785430268,0.7629758348392071,-0.5729990707328816,-1.8791430845300667,-3.4823129625222484
786,1.343292650721268,-0.38622172686594347,1.0527793571508055,-0.2998280945350955,3.0204890717300934,0.4482076434449995,0.5653415178926187,-1.205235580890407
787,1.339815906174647,0.2046278221226081,1.0527793571508055,0.36617454555710793,-0.09045032329434366,-0.8960958833962382,-1.8053855095003164,-2.5274910637870116
788,1.995207609218816,0.2714697134938556,1.0527793571508055,-1.1076415599917409,0.6816780888765428,-0.7441762723232543,-2.016212774520704,-3.000213141011195
789,1.770286170991111,0.44603006587659055,1.0527793571508055,-0.6868040494234164,4.36246263986769,2.5979221826674666,2.6444430869409743,-0.921479364514431
790,1.1414474610285354,0.0853470466966314,1.0527793571508055,-0.5368748779889305,0.7089641171256469,-0.42856944566969646,-1.3895840342765644,-1.8577630416185982
791,1.2730696551761103,0.30173993703613533,1.0527793571508055,-0.894523214728355,-0.7895325791908568,-1.5150685729788542,-1.4681456720271042,-1.1202894342106904
792,0.711033564034437,-0.34398953297351165,1.0527793571508055,-0.4319187240941973,0.3940028462290259,0.5211758056231224,-1.0135428903802128,-2.2546055204781026
793,1.6962015765952834,-0.2057034424285481,1.0527793571508055,-1.419904600764134,-0.4538755735706328,2.782027568235467,-1.1357624061414224,-1.1068336609059148
794,1.329862442978063,0.01700238639489471,1.0527793571508055,-0.9523063816781991,-0.44851574111737835,0.41206867270754044,-1.6662424555345239,-2.0140959584862697
795,1.4363384968653616,-0.09717378145619626,1.0527793571508055,-1.4710409497056305,0.8189075586037129,0.32210495126927796,2.0069778098372137,-0.23043120824813523
796,0.7169617372651386,0.38688451879602836,1.0527793571508055,0.5159823294916563,-1.677531780955266,-2.4367534911207187,-0.9625795898528544,-1.3417338384609736
797,1.4091563062683685,-0.09107528685809496,1.0527793571508055,5.473665416373067,-4.841108303825102,-5.699713708459717,-0.49169800466393765,4.4704925823021116
798,0.5591709199586735,-0.35305912676981854,1.0527793571508055,0.8016993046936371,-0.6944350951647013,-2.06201001046776,16.917011717028295,16.536285974500665
799,1.5611408076728086,-0.27783402941251467,1.0527793571508055,1.062010542945008,-0.701679215758771,-0.5296452223576043,-0.1773068858516178,-0.6685741322902383
800,1.0252901743766072,-0.3382129861849632,1.0527793571508055,3.573679423467256,-0.6599799112557956,-0.42281551696348174,3.9899504294645984,3.595822271666858
801,0.547329430237616,0.062443377139712264,1.0527793571508055,0.6639909257655394,-1.4019164201219718,3.421417858586479,-0.21969897324411458,1.7340708425765086
802,1.3841506471679237,-0.008240188461514197,1.0527793571508055,-0.4155796491294055,-0.564052532843023,-0.6758730810214895,2.1945622817946218,2.8550156878453654
803,0.8498752505428617,0.14670253643000386,1.0527793571508055,0.4259000182816388,-1.200380846791577,0.6849474031107361,-1.2767327860813409,-1.1485880240780881
804,1.909152110834454,0.0753576941704509,1.0527793571508055,-0.8418836063103529,-0.42433988695105285,-1.194526427274002,-0.5136621246650506,-2.1013727666082245
805,1.3849710349375774,0.3888561666852045,1.0527793571508055,-0.9201846111430944,-0.8665269881418982,-0.24708435660933792,-2.0761888600623757,-2.3963844058416615
806,0.6987872316004111,-0.37291718633075766,1.0527793571508055,-1.032534569673547,0.3842194015353817,0.6601062588063509,-1.561179516516985,1.1342139791899601
807,0.714417360744332,0.22067480461650035,1.0527793571508055,-0.3843105120989738,-1.0145180250848171,-2.0369362256433377,-2.48931425469141,-1.4128369025042862
808,0.8575377282990582,-0.49106744901906885,1.0527793571508055,-0.7612640108542771,-0.43812046017022954,3.088520524089116,4.0639507761165925,2.430383985873461
809,1.589196975645232,-0.38733005019788835,1.0527793571508055,-1.3956139524339113,0.5190845217868914,-0.4646890109202704,2.403065505960095,-1.2006871368990013
810,0.5239267286098164,-0.32668764461513733,1.0527793571508055,-1.2473494608012832,-0.43445035371894525,-1.0072437438722082,-1.5669635713046108,-3.2419402193411186
811,1.7692604836386114,0.36142209881946785,1.0527793571508055,-0.3407955833006264,5.0113553131653035,2.80360229067794,2.4867592039142847,-0.7497434669026051
812,1.3768185862616256,-0.2847007040366887,1.0527793571508055,-0.6167490118483256,-0.2544995416418214,-1.0945153660748703,-2.3589714075875787,-3.3154333881974622
813,1.9518057957260722,-0.45020471893900826,1.0527793571508055,-0.7654061612926639,-0.49441073988216044,4.015404005365035,0.21752254438869834,2.896076648679558
814,1.3775070035669816,0.16557823739998145,1.0527793571508055,-1.0388993957278108,-0.7734021938785426,-0.5892947939377873,-2.1189866699403055,-2.8368630830754658
815,1.4836258860614224,-0.30645050595073786,1.0527793571508055,1.7676168036079218,-2.208737689718083,-1.957213760162294,1.4202565196265517,1.3523645810850673
816,0.9259349242751664,0.3079413302440469,1.0527793571508055,-0.8882713414880961,0.399909320998332,0.6499491129302761,-1.458242925892224,-2.611610870408782
817,1.1941456757055557,-0.4540198948916152,1.0527793571508055,-0.8804583822238855,-0.8737730748620165,-0.28540577074656137,-1.7114437923528565,-2.4567507859461446
818,1.3897629903390418,0.05906093602925966,1.0527793571508055,-1.074535703870155,0.33811759515244155,-0.6424224484173056,-0.9638268337139108,-2.751905900160151
819,1.3178293585630296,-0.11904430519052855,1.0527793571508055,-0.6811867036399334,-0.7929589686874916,0.14159318103878404,-0.4020624596145823,1.9791808108264566
820,0.6268961678458553,0.4775625743534473,1.0527793571508055,-1.1282357400511316,-0.5443698386738864,-1.4473818409760093,0.47118246174498735,-0.16282396882630978
821,1.7040305951415107,-0.19965492285100406,1.0527793571508055,-0.04734135339126033,-0.888044715159833,0.5416079277842551,-0.8849340772998465,-0.9452115871602218
822,1.7097734231053827,-0.03293159021927128,1.0527793571508055,-1.4161728054572957,0.5824583673213235,0.8604175650753354,0.3594817479528527,-2.0483598010866926
823,1.4101228622550543,-0.3188517654030125,1.0527793571508055,-0.453914831596965,1.0501998968659247,-0.6540180198858501,-1.4386550249318668,-1.3106824844790674
824,1.0109577460006807,0.21520615162842827,1.0527793571508055,-1.297992391513855,1.5547398527304126,0.735280750966874,2.6718509068034697,-0.4192614358033482
825,1.0906043993204215,0.418805981686877,1.0527793571508055,-0.9080502660138092,-0.589696889363708,-1.2701335799128493,-1.8504172918272852,-3.073613288899275
826,1.7341689353376144,0.3073130930039708,1.0527793571508055,-0.12181577711120961,-1.1276813739945244,1.2820647268334149,0.6839658200476295,-0.302947368406957
827,1.8931690461646264,-0.06833647074584936,1.0527793571508055,5.610385981717454,-5.10192452036061,-6.392227405300834,-1.3419592821272746,1.6194300593345825
828,1.872969533919978,-0.08416691761845396,1.0527793571508055,-0.8402613676238926,-0.15337739996147848,-1.1003424152752406,-2.106167778292607,-1.3969335362290658
829,1.8817699610028533,0.36615042584959256,1.0527793571508055,-0.9143344507177712,-0.4067099045549525,-0.839011432339154,-0.4316070648998651,-2.107624686816964
830,1.1493590399281348,-0.24675212634262678,1.0527793571508055,-0.3165257199124236,1.2061880119024857,-0.44785491473581307,-0.935828923089577,-2.345029948590876
831,1.864679540776863,-0.10281598438357997,1.0527793571508055,0.7154728811079374,-1.0516300675985266,-2.0652726580548166,-2.1788356184039586,-1.0104885970608328
832,0.765207742159075,0.429022965125996,1.0527793571508055,-0.46173766455825604,-0.25930380279371246,2.746752684027382,3.9647944747554407,2.185539106654912
833,1.3636141217379676,-0.29848287348777625,1.0527793571508055,-1.1172077729565828,-0.6315539180890126,-0.5925511784330508,-1.713161847693849,-1.0946419475703113
834,1.393782092887412,0.022059787326079938,1.0527793571508055,-0.5724947932204234,-0.6390173279291791,0.2697563958605427,-1.8718150149378325,-0.143946333427029
835,0.7491901290137521,0.3784118341201512,1.0527793571508055,2.13471427642052,-1.977729308669915,-3.5859982541505175,-1.9324387271789678,-1.1371470605198517
836,0.5474805837436785,-0.01909039413118352,1.0527793571508055,-0.2950294743162687,0.03831714081221316,-1.1026170484788795,-0.16250117220372418,-1.1394633136446641
837,1.2345930896598836,0.497459854497427,1.0527793571508055,4.2306618762791945,-4.304027117331115,-4.621917095417092,-2.971050296271117,1.2693213947800057
838,1.3840310001207847,0.04733383732764229,1.0527793571508055,-1.1154638518381317,0.147085092097059,10.463847622823632,3.7006143014804564,4.503013741805114
839,1.8062304779848228,0.3426436227634133,1.0527793571508055,3.337726576085479,-1.3764313428903079,-0.24402308743428813,1.9871475569640489,2.733047610424295
840,0.9755285191124452,-0.33488097591427635,1.0527793571508055,-0.2669840459101238,-0.8687544144041628,-1.6334417738237903,-0.18134339359527551,-0.041755381769262634
841,1.2544956674088845,-0.23483937800026589,1.0527793571508055,-0.944141857297989,2.1601739611949555,0.39819482360573133,0.6853307731728178,-1.553505692877546
842,0.6693569631161314,0.15945717380487567,1.0527793571508055,-1.0072186740618259,0.01818493063022597,-0.986613929817348,3.4295313350564856,0.004085946539253538
843,1.7805791518372278,-0.1626180382241903,1.0527793571508055,-0.9610334875756004,0.8833900533902579,0.17770318945610342,-1.3158588583865547,-2.3996993316111515
844,1.8622374850559527,0.13292485952865274,1.0527793571508055,0.814387948583978,1.2541154365456793,0.06935725752477273,0.5678610686701036,2.200107147832424
845,1.809778319230457,0.12946728710982203,1.0527793571508055,-0.3129273796574972,1.4002459435605017,-0.1029425808667499,0.6138166628484147,-1.1130451556923258
846,1.8907380973718158,-0.4860385672079024,1.0527793571508055,-0.37944993534135185,-0.9953826876129388,-0.7382669188616606,-1.0694179325045539,-1.2031736010026046
847,1.3275809231652993,-0.0781099199721601,1.0527793571508055,-0.02121539873493128,-1.5419672742019441,-2.0533405780878264,0.666330104945164,1.4396436586105992
848,1.0246392313514434,0.4531852288059298,1.0527793571508055,-0.25731703860136923,-0.29327573574112664,9.928211546371166,3.817856186600272,4.811689839357723
849,0.6117601699037392,-0.404233149131761,1.0527793571508055,0.3783170058165868,1.370295436671816,-0.1039265735511623,-0.506635665044435,-0.48324859460369174
850,1.9813473224894025,0.04682968610160598,1.0527793571508055,-0.5079101761976905,-0.4899741137695903,-0.2664261161337651,9.021058676228652,4.105240544939467
851,1.6560022665048946,0.036597523890238404,1.0527793571508055,-1.4269992122556796,-0.5726427255879145,-0.916248443349924,-2.3754748601538562,-0.0005261008336949757
852,0.6691042479322337,-0.12603450210188638,1.0527793571508055,-1.5440838016001739,-0.26406966963425127,-1.0897972942925847,-2.8666699777525686,-3.893811565887922
853,1.964698159430718,-0.47170585397040454,1.0527793571508055,-0.5631632698732383,-0.9619185272772912,-1.3082485030465998,-0.9857632229784326,-1.6416840800193682
854,0.5343481752777728,-0.05544158802362842,1.0527793571508055,-0.2730137057105515,-0.33484454111798634,-0.04231826231660585,1.0081010280022267,-0.7656115401058206
855,1.5095581607784485,0.19516892529799712,1.0527793571508055,0.662631242411873,-1.0114102315571287,6.825420598245658,2.751479920282616,4.111771874369083
856,1.732588946043961,0.20980844783368913,1.0527793571508055,-1.3673094333006233,0.9443865243831611,0.04881188674383852,-1.7079896328697064,-2.4783049112511706
857,1.3360577792143546,-0.4521716936600435,1.0527793571508055,-1.107323881713709,-0.6090352794767657,-0.3059781591168058,-1.5203944884304812,-1.3812115927286106
858,1.5647313597944714,0.2705995586954292,1.0527793571508055,-0.06084469433622686,0.7976316789379494,0.9954028321755053,0.20526499874095272,-0.7958724877919008
859,0.6231278866174073,-0.11640980103304288,1.0527793571508055,1.7649481151735467,-2.3432271705647154,-3.163635154484255,-1.9082550399076708,-1.3853976261360814
860,1.4818339342652873,-0.452845176987548,1.0527793571508055,-0.6743725771553118,1.3819607364945652,-0.15084654969490785,-0.1696085657988029,-2.315794202214556
861,0.9769347870746781,0.22497511745425858,1.0527793571508055,-1.5026163215136878,-0.02259373594591141,0.7189105948252785,-1.6775202825591253,-2.8292747594579586
862,1.3747621463648017,0.2100555475867707,1.0527793571508055,-1.1626319320363732,-0.5336654593640537,-1.4527413298919094,-0.5299869188553521,-2.3278487504677905
863,1.4984692097329504,0.47108830994889406,1.0527793571508055,-1.21389386958206,0.9189630328958125,0.09745145604782746,1.7016860580848565,2.1232333748016954
864,1.7911263474893655,0.4916927593341972,1.0527793571508055,0.6492715822011323,-1.7587261038256412,2.491021728148997,-0.4967964125881763,0.7647721326117898
865,0.8461272509979464,0.4714783424425344,1.0527793571508055,2.0711657959068077,-0.20399278372310414,-1.8086438435421321,-0.44811325915937195,1.0870197668835964
866,0.9828949366347633,0.4257493609306223,1.0527793571508055,-1.488934940582177,4.692683016302188,2.975534609982227,7.787397018870405,2.8038713997405047
867,1.8682336577342584,0.0232649951027597,1.0527793571508055,-1.1036010826828302,-0.19711352624956713,3.2334977841182395,-0.6871961462959768,-1.3957813631310458
868,0.6167644327288518,0.030738551488471932,1.0527793571508055,-1.3195746726748894,0.2199505728957969,1.766002385519946,0.9980958572938907,-1.2222074567462635
869,1.9477404274714554,-0.01621892813044057,1.0527793571508055,2.130847842465716,-0.5873033376276036,-1.6093652027812833,-0.7920960251105919,0.12137446048551492
870,0.8223890607469668,-0.20019983957310905,1.0527793571508055,2.014352578651887,-2.5930093109154546,-3.2272641296464055,-2.759143696551818,-1.536780055273645
871,1.7399187878789455,0.30587268358841835,1.0527793571508055,-0.5863877141220393,4.287830255979584,1.4479989083359879,1.2790901089156588,-1.3830110089469376
872,1.7442228545902512,-0.18591323789828917,1.0527793571508055,-0.8138295092257576,0.816995952083321,2.1477533459723497,3.1747941066061616,0.9598909576383896
873,1.1801283441747241,0.004419235344858219,1.0527793571508055,-1.1603132402105658,0.38337691844148747,-0.8752106405297233,-1.7030001937362793,-2.839662678727007
874,1.4778817665566262,-0.10779650626470527,1.0527793571508055,1.498917756734322,-1.6103431997830695,-3.0264515453642717,-2.7357563621871344,-1.5537750357522357
875,0.8735162954913798,0.1458442533011135,1.0527793571508055,-1.2098643978742767,-0.4618669301652045,-0.7273310724152304,0.15338033866386058,3.3200669872086293
876,0.6711530416167737,0.250395822299749,1.0527793571508055,-0.2985713421142431,-1.1752870994877538,-1.9733409113830636,-1.217953866314211,-2.415152041206845
877,0.9783449671603037,0.2862154984109342,1.0527793571508055,-1.4328499969301112,0.21819681644209443,-0.6504471981140786,-0.9455664561721051,-2.4800149863377405
878,1.1520366767452528,-0.46214305387001475,1.0527793571508055,-0.9914756631856617,-0.786652494742128,-0.20242271986591742,-2.5062130519943366,-2.66375841761209
879,0.7206588986506757,0.12847667057364298,1.0527793571508055,0.4507917495122813,-0.9358532889157598,0.1896167638434858,-0.7315585546001122,-0.9852870564900016
880,1.1977196520224156,0.25166222249370096,1.0527793571508055,-1.3712699844901075,0.6380770102932671,0.019114267743006064,-1.7509620978833895,-2.1496142254280093
881,1.524781873699901,-0.42909309665514783,1.0527793571508055,-1.3209421860730233,0.17072823871213094,-0.3631558018301131,-0.48374529483958195,-1.4551339734301474
882,0.9810029846869509,0.023843285503983735,1.0527793571508055,-0.5600380942333882,-1.0444987361876483,-1.055779417998419,-1.27473189158204,0.18444185236037836
883,0.6493165461000951,-0.4406351386902697,1.0527793571508055,-1.109669108280126,4.864426733442813,4.438674977358439,9.381347187913583,5.63052245438715
884,1.0539492793778902,-0.43407591893133546,1.0527793571508055,0.526638074612642,1.5486305645086653,2.7900099345203335,2.0846504770691467,0.5515892636792721
885,0.5450030472225575,-0.4992783156622167,1.0527793571508055,-0.9601752958973842,-0.6350540666455824,-0.2365793176549258,-1.5944225026801155,-0.8018425200161661
886,1.2883817393601786,0.1687697448079878,1.0527793571508055,-1.1010132626804319,-0.14511210761198923,-0.19889857737199312,2.481523450769565,-0.4266796289783408
887,1.0888890086957126,0.1966190664361699,1.0527793571508055,-0.982657986169983,0.6108476797977169,2.111880722751878,-0.47001579279970596,-0.4509643742464009
888,0.8777822584203381,0.3083494898722332,1.0527793571508055,-0.06947224512839423,4.652420961369833,1.500823301574961,2.053161635522836,-0.8079299671294432
889,1.786121077885977,0.34468043282075955,1.0527793571508055,-0.6469211685171807,-0.8548976918893609,-0.3051375347183869,-2.2499408368651053,-2.0325570758123663
890,0.6722035978569649,-0.32435647706715465,1.0527793571508055,-0.9595826817720965,4.587547617672926,2.8846250326718037,2.370040372592631,0.8344641980162946
891,0.5377443329932983,-0.2457860099442405,1.0527793571508055,-0.9072212636265561,0.0019077539553666867,0.34964913020202437,0.7137545793696765,1.259895229837832
892,1.7644444560841075,0.412316123003479,1.0527793571508055,-1.1705642373741358,2.4077264224962827,2.890530229828151,3.5807863202120673,0.2940224338415731
893,0.7919138863208937,0.4415016536139207,1.0527793571508055,-0.642360741134582,-0.13899364986980745,-1.0534034332876536,-0.590564834887737,5.043274105000505
894,1.9631238389505699,0.17771137307550067,1.0527793571508055,-1.3049270365645766,-0.36050843527088583,0.18080760704702303,-2.385448664138078,-3.1918649992317825
895,1.7687308104451467,-0.15791087484490207,1.0527793571508055,-1.486979367944338,-0.3466910478140832,-0.7949383457349195,-2.8402110191656713,-3.450525141134671
896,1.3546723748438674,0.3396514275284602,1.0527793571508055,-1.4549271595914282,0.6091584445534814,-0.4198326585601553,1.0435262478633351,-1.7308533181435877
897,0.8104559045587318,0.06717042423387665,1.0527793571508055,3.50990723463753,-3.0438338227904427,-3.168302095329192,-1.633660875879445,3.810283998876846
898,0.7719310977425501,-0.35233029326247456,1.0527793571508055,-1.0036309421387837,1.103391099219956,0.8852361881149831,-0.05191689094976781,-1.730148064550645
899,1.6460719513449786,0.3530629505941776,1.0527793571508055,6.785177878221815,-5.6229592355694,-7.41530126082572,-2.450124094860346,11.092259376148686
900,1.9569528935640381,-0.40855865997910956,1.0527793571508055,-0.9405998384280941,-0.6567145918949198,-1.5831117302914852,-2.5428772496479937,-2.3794143072094625
901,1.1478905803605968,0.35323596677767377,1.0527793571508055,-1.1027609275918384,-0.29026463396397384,-0.9736745548760617,-2.6279844189948975,-2.8841610105252435
902,1.2116875862583971,-0.49018173909918594,1.0527793571508055,-0.7116740310559059,-0.7061203829822853,-0.048146498326763654,-1.4774028598761215,-1.7875281787556419
903,0.6710765401105623,0.10671629282587558,1.0527793571508055,-0.4130873320204065,-0.91811254773169,0.7345725197520343,-1.3389612073344563,-1.1223589827920306
904,1.2455083530316549,-0.37954192978724344,1.0527793571508055,-0.025814743878642243,-0.6680585309120887,-1.6544659476719064,-2.350604623961112,-2.662202173789599
905,1.9776768407875105,-0.450455456887646,1.0527793571508055,-0.6305227755134226,-1.2109931733000856,-0.3561097171856169,1.5921172467785598,-0.5240633363750964
906,1.8449406481450557,-0.4109279739866355,1.0527793571508055,-0.6451386690457293,-1.0736117391192197,-0.7039595413386575,-0.0819839721311082,-1.5759008657769045
907,0.6934896490107739,0.3964575103923057,1.0527793571508055,-1.2233632354088646,0.8950497488609912,1.108077214755724,4.100291622434983,0.4889573083891028
908,1.4263467852354612,-0.287712514564763,1.0527793571508055,-1.1121866731505423,-0.2276388991942926,-0.831915647205955,0.1704198240547039,-1.3270701572895853
909,1.733899056894914,-0.4683385841624712,1.0527793571508055,-1.5672705494176598,1.8773421455112507,0.7295798379643035,0.7426416865895593,-1.7121062003061076
910,0.7367396378830701,0.3948402748776879,1.0527793571508055,-1.49891077201476,0.8005039504597775,-0.16262768476536316,-0.9324807225157445,-1.6927104909129747
911,1.1099882616316996,-0.31713265295792603,1.0527793571508055,-0.3137441097997855,-1.0913067394977338,-1.7831243607816578,-2.546168842719735,-2.6185725983690293
912,1.83566182997941,0.32624082342253247,1.0527793571508055,-1.5031214089417106,-0.2571510489424582,-0.9478264469675668,-2.8722725906730053,-4.267844248252173
913,1.7010384472158702,0.20073584305629222,1.0527793571508055,-1.1026524166968066,0.8846351473726592,0.9369731196361588,-1.1132753093349346,-2.0088157064017906
914,1.6875620080771685,-0.17400163856193784,1.0527793571508055,-1.50969298739056,-0.5448700847862615,0.16311834599403263,-0.19728059490634764,-1.1967922385204894
915,1.2796961446094608,0.4866608410719496,1.0527793571508055,-0.31803918346176374,4.645772433637171,1.992352820596297,3.2295810144617167,0.9453628145641848
916,1.3097064280272308,0.4488174257095706,1.0527793571508055,-1.200079731551512,-0.3578808789306369,-1.128659568078722,-2.5048876237476305,-3.741996535946711
917,1.5605736711249918,-0.4827246622049609,1.0527793571508055,3.6238398377931356,-3.0687775987761254,-3.96238403608008,-2.041765145553891,0.11113250845487244
918,1.4922583156683469,0.3306179957287304,1.0527793571508055,-1.0123145513761447,0.6762392516331461,-0.6952877576534202,-1.1803395968062227,-2.7990620544845313
919,1.0594662063925486,-0.17965155155764523,1.0527793571508055,-0.6971278500700271,-0.43202324429671535,-0.11805718418590061,-1.949455153298302,-2.9089576994295925
920,0.9551318645556839,0.039276422084887574,1.0527793571508055,-1.3698953485460024,-0.5973682226123338,-1.0026502388858423,-0.780467048992429,-2.5929505788024425
921,1.3384287847695873,0.01587507316529202,1.0527793571508055,-0.73918356926593,-0.7575781584115848,-1.7389923442640605,-2.4790212217166028,-3.7202025467305133
922,1.8485329987286399,-0.053310811644497025,1.0527793571508055,-1.4415634094091547,-0.01944981672358903,1.732847840989579,-0.2462032847359361,-1.7596419752101335
923,1.4580485087555888,0.27240109281827796,1.0527793571508055,-1.2769824966411059,-0.1235228935665087,0.8447403623318799,0.46227040628763527,4.505686821671816
924,0.8766697176128202,-0.35645797035526694,1.0527793571508055,0.38407211139036734,5.1266037439125,1.575798035980457,2.555923194971225,-0.7514063713566799
925,1.2447012485614508,-0.45677089055109443,1.0527793571508055,0.34108773129422976,-0.5846217993996135,2.408187167624929,1.1357328449450526,0.5748336912239682
926,0.6756650491252453,0.09546734324898709,1.0527793571508055,-0.5783668704790252,-0.42642968096930733,-0.9101243924243397,-0.5879477127950701,-1.22903636848342
927,1.5566083062517047,0.10670037842097213,1.0527793571508055,2.284782523870677,0.5217515743074777,-1.9862752208248533,-0.4692596942548972,3.3254049593943344
928,0.9973591674542657,0.48242669630381396,1.0527793571508055,0.16259243428950532,-1.3234158936689628,-0.2569452589755987,-1.6102167189290368,-1.5825917140352077
929,1.0965875795517719,-0.303029039510159,1.0527793571508055,0.9477294109180199,-0.5746610083968247,-1.3949277643257765,-1.3119868376218649,-1.5412968454864522
930,1.3434750160696236,0.2971839548258154,1.0527793571508055,-0.01297313520307064,0.6835905514676424,-1.081243212220442,-0.42472317566135365,-1.112233896616343
931,0.9032896170030382,-0.3576794951547445,1.0527793571508055,-1.1254958684802985,0.6653922626476101,-0.4245500267081801,-0.5046722130693464,-1.2514880393463546
932,1.2387460197925297,-0.09702595186679719,1.0527793571508055,-0.7523340895413961,-0.4249892662722874,-0.5883717051715389,-1.875457242599799,-2.874846438064418
933,1.869863971283691,-0.002896033726138114,1.0527793571508055,-0.853894106465037,0.43327340789840774,0.774739787291522,-0.9064489229249479,-1.007551769488849
934,0.8666880636733651,-0.12593967027270614,1.0527793571508055,-0.4810802299969361,-0.7513734087677406,-1.5484322063215565,-2.4092462389996707,-1.663248529324189
935,0.7589401394558632,-0.31212970213688096,1.0527793571508055,-1.0502989439472583,0.030649557273232375,-0.9578975116203372,-2.2151248100834846,-2.127810198984201
936,1.3057005760079392,0.1954223925565597,1.0527793571508055,5.227962109097647,-3.5380177211045982,-1.9377210700064675,-0.7664557834021222,2.466911124786458
937,1.9827852673069035,-0.2700538859431918,1.0527793571508055,1.6651898237233267,-2.36481483672641,-1.6045554653634975,-2.186339435412328,-0.950650151155545
938,0.542145773412952,-0.19880847058586848,1.0527793571508055,1.3575200687430455,-0.5133664422742346,-1.856102224461139,-1.4453087842449583,-0.7792775562470383
939,1.15006538648385,0.16031274793909123,1.0527793571508055,-1.3171864461908838,1.0297151486728096,6.931951537777622,2.308582830267178,5.297731805501979
940,1.1327776040174746,0.2751906155340792,1.0527793571508055,-1.1415875982549823,-0.4356764912027642,6.086512152370853,4.963411916414011,5.570729714197045
941,0.7626657369845307,0.01735957378666697,1.0527793571508055,15.450379743316777,-12.14814826475174,-13.431464575516951,-4.217270187003076,8.021626733147535
942,0.8403546646692868,0.3951687887321512,1.0527793571508055,1.112537881104183,-0.5815973478645389,-1.4970627377192265,-0.7407127753497442,-0.05575281807825494
943,1.1246319969801042,-0.02978504857895048,1.0527793571508055,-0.926179655393134,1.0462937397611758,1.768386629195306,5.958677286252363,2.2529666505005084
944,1.9494206653068429,0.22897612943347467,1.0527793571508055,-0.22330690132609154,-0.7707326023245004,2.931739176343382,-0.18241680847602693,1.4790224337416857
945,0.8785359350242774,-0.4186806660842426,1.0527793571508055,1.3572202989882816,-2.378783449027166,-2.810229013220739,-1.0367720717854438,1.914182584084826
946,0.9355764235324329,0.12483312848134498,1.0527793571508055,-0.5145866820889555,1.52065082671642,-0.4245761258981098,-0.5258631100008355,0.43716788994046185
947,1.9662782040262692,-0.2301427551722638,1.0527793571508055,-1.4569523020856303,2.2757623129782028,1.0800005615705834,-0.34840462124371596,-2.6425767469440418
948,1.3481314357930738,0.31140467986926146,1.0527793571508055,-1.0743101536230606,0.07725206760197834,-1.0230248660133086,-1.2071843040152104,0.5729408291039126
949,0.9722752840667735,-0.37599694392124994,1.0527793571508055,-0.3554159844860241,-0.6809825619878134,-0.9257471111655544,-1.1554402374630768,-0.9636909805036749
950,1.664447059199797,-0.255606324027258,1.0527793571508055,1.2875439254389254,-1.7630948102210753,-2.1352019717257673,-1.6751742678492483,-1.1333360184273635
951,0.5648347710611539,-0.08663238719891975,1.0527793571508055,0.8670826782813079,-0.5710724264700939,-1.5299527166403188,3.143614889665751,1.1398675417889867
952,1.4363403261113938,0.19830129071265623,1.0527793571508055,-1.3554697620774365,0.3435745600831621,-0.18584339464616217,-2.192910744391498,-2.9128925014161373
953,0.8719232524406277,0.3313953316285849,1.0527793571508055,-1.1391933955017604,-0.7276406726453811,-1.168228435196386,-2.766443794071895,-3.9323288712443496
954,1.9094379426799497,0.2002782128245374,1.0527793571508055,2.8122601810637393,9.260463741674066,3.6662027857821213,7.840558526803243,4.02692960451205
955,1.748800062019056,0.47291015299670214,1.0527793571508055,-0.6593480507050506,1.6447621605490048,-0.1263711137904291,0.38604616264024516,0.0756098760167161
956,1.9435113098340753,0.1767730946814926,1.0527793571508055,-0.3673888917006849,4.91720319128871,2.5570282447159967,4.7492491114515625,2.796753633889561
957,1.8773315047231174,0.29182133113013986,1.0527793571508055,2.268093253864817,-1.1728695071812412,-1.0961670331689701,-1.2477737959365953,1.9621350959832258
958,1.5061789598732211,0.18927516556526636,1.0527793571508055,2.3235118106864836,-2.5739558557972386,-3.150200405142737,1.7335113089597347,1.7351942520612393
959,1.9985770432569616,0.4807455519269751,1.0527793571508055,-0.4417252053017138,-0.5969434215366423,-0.3569302807532251,-2.083317096783896,-2.1951691805297737
960,1.7484089870311532,0.3712329451544797,1.0527793571508055,-0.974838464665334,-0.7744009327596328,-1.340119182627569,-3.024961060075103,-2.986560242206737
961,1.3224152363227635,0.25855155125384344,1.0527793571508055,-1.5834508994901932,0.34325125476062013,-0.27747977402679247,-2.515388388121244,-3.5783438189820873
962,0.7949044508507421,-0.284150734540882,1.0527793571508055,3.8139588421465476,0.9744133434016411,-1.8525202516686736,0.6063304217985239,0.8548318883741639
963,1.0033121660308701,-0.23343728876094172,1.0527793571508055,-0.7557273590339524,-0.6944144723172325,-1.4815333915668951,-2.8951342647033727,-3.8067052711659657
964,1.563198397332005,-9.963340621366168e-05,1.0527793571508055,-0.44077952803905607,0.4914527288956454,-0.42458653654771616,3.336824520193521,2.3230881631101115
965,0.6557326969182881,-0.2447655117780474,1.0527793571508055,-0.9308958650699722,0.4381115067678416,-0.18331154348418455,-1.233632230796165,-2.2747422691701393
966,1.314744848525256,0.15038404007814288,1.0527793571508055,5.293977910282583,-4.826654852761442,-6.367140551357878,-1.4305132648922791,1.1021474214472824
967,1.1429971985681084,-0.37189442239418646,1.0527793571508055,-1.4717590368536062,-0.3899786251403301,-0.29769309293254675,-1.6386802803535108,-3.0297260635964585
968,1.537054372200054,-0.0536940794160945,1.0527793571508055,8.221247728978636,-6.628530299251715,-7.829128718227775,-3.64514564285932,2.2886683708908127
969,0.7729351628893235,-0.3689305241742086,1.0527793571508055,-1.250850136171817,-0.6723442975657774,-1.1790615136067575,-2.237516473957095,-3.4665649505996057
970,1.5198921320883136,-0.036587283434997064,1.0527793571508055,-1.27327162255667,-0.34248322600344694,-0.574452627610045,-2.064391374265287,-3.424977917248425
971,0.5490829591286639,-0.3348047666944566,1.0527793571508055,0.28657581587147396,0.9064733352806051,-1.0872967098506994,1.3530195296410765,-0.9821059462170052
972,1.8272256414358266,0.37651556232216044,1.0527793571508055,0.9678059222903101,-0.1588200910915929,-1.4740958284932364,-1.3992442381583847,-1.6561678780073448
973,1.7909852152956325,-0.1276997959042907,1.0527793571508055,1.4777217114591488,-2.3926936327709782,-2.438638243752017,-2.7986137376433815,-0.026905418887038346
974,0.6354959370652491,0.1716533800587694,1.0527793571508055,-1.0421246984540706,-0.5009685945079443,-1.2242723009064669,-2.7143555925302394,-3.905909549663778
975,1.0178333530968542,-0.025882154696899917,1.0527793571508055,-0.9207102089795234,-0.8598587729422099,-1.2816502184664649,-2.7528960521365846,-2.9349944235395684
976,1.3017321107681827,0.06971578968615388,1.0527793571508055,-1.273303271868206,-0.6165797472704446,-0.9547491547577744,-1.2490553897484646,-2.9245026709873025
977,1.8774897006972628,-0.48062983600663745,1.0527793571508055,0.6531135307493989,-1.4343841525427425,-0.6434407648759832,-1.180202012181844,-0.6181392391749467
978,1.0565488049069995,0.41261143307448067,1.0527793571508055,3.9388719505477514,-3.9236914313219615,-4.571864127889435,0.862190686108196,2.0806736600538063
979,1.5416476161680777,0.01780759430524348,1.0527793571508055,1.0107871833783801,-0.9156414683232009,-1.5100368246472202,-1.2119037437477946,8.29532517171111
980,0.5706514692854678,-0.045385898334224795,1.0527793571508055,-1.3616097973596386,-0.18001526770765697,-0.3683027243346064,-1.1905601946620001,-1.8252954596572588
981,1.0412466432091008,0.22554704110384838,1.0527793571508055,-0.7139541341926298,-0.24119554134056598,-0.646548114443156,-1.9986271200716952,-3.182176986918212
982,1.9185518946610531,-0.27197343342408664,1.0527793571508055,-0.40054108971029034,-0.8769935271444631,-0.6798734495345319,-1.52019393261987,1.9035608904445267
983,1.0180382932155618,-0.4206431284502954,1.0527793571508055,-1.2870811917830416,3.5523038281225876,2.256571318310044,1.6582857606388277,1.1333566232854069
984,1.5394118839613185,0.1964053764901843,1.0527793571508055,-1.2233802764875834,0.4953881371343103,0.06465150285635302,-1.1786334223126502,-1.8326515484767874
985,1.4943425716776293,-0.37756787258367286,1.0527793571508055,-0.328578238334412,-1.021164806468114,0.5655939228625528,-0.4073796669065848,-1.3633335134815947
986,0.586078002373021,0.18086286157510356,1.0527793571508055,-0.7784524682699945,-0.1567895106952395,-0.7145996225973206,-1.5413887663150063,1.8619358723402857
987,1.7209182787157682,-0.4681027930134066,1.0527793571508055,0.01250433742685364,-0.1717169492091848,-1.073464787612405,-1.8040388161403556,-2.098843703888011
988,1.9429634441749815,-0.16569187246844586,1.0527793571508055,-0.7772473369054476,-0.9214227347758769,7.923592219455409,18.969411011230456,14.142831295245252
989,0.6662365968565163,-0.2780148783757008,1.0527793571508055,-0.20167763947764228,-1.4170131589719868,-0.6908752304482636,-2.308631479007612,-2.3139525688350546
990,1.588617535963348,0.43935697727612033,1.0527793571508055,5.502905302393113,-1.8540542195554859,-2.406034767517462,0.12234802947638479,3.820460527273206
991,1.3932125352333469,-0.4613203596517723,1.0527793571508055,-0.7628715250761231,0.7219578449286272,-0.43573416667010667,-1.803293046507015,-2.6560709107747247
992,1.4787689151014034,0.14832202946723638,1.0527793571508055,-1.0831270705288918,2.8996227837722737,2.9970909531464143,2.088147990140529,2.6196904833362584
993,1.9273926097358047,-0.37774320509467374,1.0527793571508055,-1.170692251296576,3.315524929134244,7.155380221355078,3.7191608510807015,2.532067557393586
994,1.9926378521421997,0.3463245756009692,1.0527793571508055,-1.0830110800194044,-0.650951539049546,-0.5672507733999437,-0.9577725611426493,-0.8837154430339977
995,1.8964238990429196,-0.0976821302120926,1.0527793571508055,-0.332799250503824,1.75116457789189,0.2597178012691468,-0.03721023926985412,1.5886479819377564
996,1.221138511884473,0.2916594216659244,1.0527793571508055,-0.7973728235539145,-0.2158022521650702,2.1546797342926793,0.20689288614143653,-0.4317775555381176
997,1.9577816648852011,-0.39610919394546107,1.0527793571508055,-0.7144935043746575,2.8637187471252927,0.5319332053274426,3.556428767116504,0.08489806485343165
998,1.154762867289185,0.22890880373724398,1.0527793571508055,1.995428815506231,-2.71968235180345,-1.8103967530373182,1.916099391195972,1.2762579687167723
999,1.6899138232535151,-0.20971603695320362,1.0527793571508055,-0.8155215971359182,-0.7600610944386043,-1.6140043830278568,-2.9509338693126512,-1.2921928577080926
